34 98 114 153 219 223
8 45 54 164 180 184
14 70 116 188 211 228
4 42 72 142 186 238
15 19 65 172 193 237
61 80 93 180 236 238
7 23 81 206 208 222
3 85 101 144 157 217
6 19 25 167 227 233
32 35 119 126 156 227
11 77 97 131 159 226
29 49 79 155 168 169
13 36 78 169 217 239
33 40 105 145 161 226
42 87 104 127 194 218
12 31 106 129 131 222
48 53 89 164 219 239
18 52 109 138 192 212
12 71 110 130 186 191
44 79 115 158 179 189
68 81 100 121 173 174
22 56 106 147 196 199
38 73 101 211 212 225
17 40 59 137 147 191
28 63 66 124 138 179
1 21 48 139 146 151
27 60 113 148 189 197
35 53 92 190 197 213
16 77 114 139 170 191
26 58 73 144 148 237
31 67 112 139 174 200
64 76 86 152 175 199
3 45 78 166 189 201
30 62 92 121 124 125
82 96 116 140 182 204
23 39 117 138 143 146
18 29 46 144 206 238
22 74 111 153 200 236
37 39 93 133 160 221
30 48 72 160 230 233
10 80 113 141 155 229
5 8 109 146 217 221
9 63 84 163 195 221
6 65 111 151 214 215
14 82 113 120 126 157
58 64 99 120 202 210
47 66 82 163 177 183
31 59 88 178 185 232
28 36 50 206 233 235
24 70 106 143 156 226
51 92 99 158 161 177
71 74 107 159 178 229
38 76 102 127 132 133
57 88 100 134 161 214
55 67 104 134 176 181
73 85 89 162 166 182
46 91 103 162 173 218
15 34 58 162 215 229
32 52 87 183 228 234
6 50 96 172 173 239
56 90 107 120 134 136
44 62 85 163 184 210
16 83 111 165 181 185
12 81 112 185 216 230
0 47 61 165 209 218
2 55 119 196 215 228
49 52 75 126 132 135
39 60 94 164 211 224
1 51 98 165 187 220
0 22 70 133 170 176
8 18 94 160 166 171
21 72 119 131 172 192
7 10 27 130 158 169
11 59 95 129 136 186
68 75 87 140 150 152
36 61 96 151 198 201
29 42 91 198 205 225
14 23 93 171 192 199
24 43 100 167 190 203
17 98 105 159 170 190
2 32 91 140 176 237
83 90 118 174 175 177
5 89 108 154 201 231
4 95 104 175 178 205
1 34 76 181 231 236
75 103 117 167 183 231
24 57 71 123 137 193
33 56 77 123 188 232
27 37 54 122 125 207
33 65 90 202 203 204
37 45 63 154 209 224
16 40 74 129 220 223
13 25 66 128 135 213
15 26 41 130 225 227
2 88 95 194 200 202
62 102 108 152 195 209
57 67 97 196 203 220
25 47 118 124 149 150
43 103 112 150 214 219
84 94 115 125 154 157
30 44 109 128 208 224
107 110 116 145 148 194
17 55 97 123 153 156
20 21 99 204 208 232
0 80 110 205 207 223
9 28 101 128 168 171
4 35 51 137 149 155
26 69 102 168 207 234
7 46 68 198 210 216
11 20 114 145 147 230
49 54 115 141 195 197
60 78 84 122 182 184
5 53 79 122 187 235
19 38 86 142 143 234
3 13 69 141 212 235
41 50 118 142 213 216
20 64 105 121 136 188
9 69 108 132 179 180
10 43 117 135 187 193
41 83 86 127 149 222
