31 76 78 129 139 209
42 63 65 122 169 176
40 109 113 181 234 239
58 87 113 122 134 143
62 111 112 137 162 236
46 47 58 144 163 232
78 100 105 128 148 219
82 89 104 126 197 214
15 72 93 144 190 223
76 91 93 130 200 224
16 66 91 128 153 170
15 44 100 126 150 171
45 90 91 129 154 158
0 44 98 159 202 239
90 94 95 133 164 203
67 92 96 172 204 225
95 96 108 135 173 205
5 86 112 141 173 238
2 3 116 142 177 237
1 54 116 138 140 183
46 56 62 124 229 231
24 29 86 142 172 215
3 23 114 158 193 228
33 36 87 136 145 235
84 87 111 123 146 184
30 33 37 141 186 214
5 33 80 137 180 195
3 4 24 138 176 216
5 20 116 124 147 181
34 84 88 143 187 194
20 81 84 144 151 188
4 19 80 121 148 196
20 69 117 122 197 200
47 55 85 150 206 228
55 69 70 152 153 235
37 88 102 211 217 230
85 103 107 155 157 216
81 83 85 142 149 202
14 16 44 131 157 166
9 12 119 167 169 194
6 7 119 161 168 209
0 94 99 169 198 218
7 98 101 134 160 224
25 94 97 161 165 225
75 76 96 132 201 220
21 25 75 134 190 211
12 13 53 159 217 231
10 11 38 145 168 204
6 8 11 195 208 226
0 9 104 127 151 227
16 53 60 156 171 174
12 15 52 149 175 227
45 64 67 130 176 208
43 45 98 132 177 223
53 57 61 166 226 236
38 52 56 140 155 167
14 42 64 158 182 222
14 41 119 133 178 219
11 13 49 160 207 214
61 64 68 121 168 170
43 65 108 172 181 227
41 43 109 126 173 183
13 40 42 127 177 232
41 49 106 120 162 233
95 101 110 128 136 162
35 101 106 129 184 229
22 68 108 167 180 192
21 110 115 171 184 186
109 110 114 131 180 185
1 56 60 175 233 237
52 59 66 189 205 206
1 68 118 178 189 193
60 67 73 179 190 207
2 65 115 159 179 188
32 34 80 146 193 209
24 28 30 147 179 210
17 18 28 174 197 211
4 117 118 139 182 212
18 19 71 152 213 236
59 73 117 191 201 232
54 55 111 125 148 185
50 54 59 139 204 234
19 79 81 150 198 238
69 71 72 123 154 199
46 50 51 200 207 230
10 50 72 143 201 208
47 48 88 149 165 234
39 51 107 153 215 233
8 51 70 141 154 156
28 32 77 151 220 237
26 27 31 164 189 196
21 22 27 136 175 213
17 115 118 166 187 191
18 22 73 186 199 231
30 31 82 120 191 195
26 29 74 192 216 218
17 23 26 165 170 212
34 82 103 145 212 219
74 75 89 199 210 239
32 78 83 138 194 224
27 77 92 135 140 198
37 74 99 127 213 215
8 83 104 147 217 223
70 79 105 137 157 203
77 79 93 124 202 225
66 71 92 125 192 203
6 99 103 196 221 222
9 10 105 146 205 222
23 25 35 130 163 187
7 97 102 163 220 226
29 36 97 135 221 228
38 39 57 125 178 221
39 40 48 183 206 218
49 102 107 156 210 229
36 48 106 155 164 185
35 86 113 132 188 230
57 58 63 123 161 182
2 61 62 160 174 238
63 112 114 121 133 235
89 90 100 120 131 152
