112 144 265 588 604 607
12 205 226 375 618 622
155 221 251 378 594 613
42 90 217 584 600 658
206 268 292 449 466 510
30 49 258 460 531 639
127 148 311 476 504 527
54 86 322 446 512 633
128 243 330 352 473 578
61 78 266 347 478 520
18 245 326 447 567 666
61 98 232 452 516 631
168 272 311 453 454 587
71 105 274 348 469 617
137 183 189 354 486 654
22 157 224 543 634 670
62 163 239 458 513 552
118 280 309 589 608 643
15 165 269 376 385 404
183 231 328 417 562 563
168 211 240 564 602 647
83 229 334 415 538 603
136 158 327 382 507 653
43 132 186 522 555 614
28 169 253 413 427 546
114 281 330 390 401 421
33 215 306 405 553 574
45 160 310 488 496 553
157 187 254 388 450 664
26 182 184 339 431 441
142 234 331 388 389 626
219 256 327 373 519 617
188 260 321 338 391 410
4 147 244 374 571 597
74 223 237 583 585 606
65 220 319 436 543 614
19 21 63 455 586 662
30 45 58 408 427 656
93 130 210 591 595 635
95 118 174 491 526 645
315 329 334 379 592 623
37 181 304 502 564 593
73 208 335 379 448 465
86 96 231 338 514 549
66 164 166 376 387 520
52 74 258 377 472 612
172 193 270 393 420 632
5 171 234 394 535 627
0 51 131 340 394 601
27 76 298 447 648 652
17 89 287 420 534 603
78 159 197 497 620 628
34 252 300 382 481 640
191 297 326 406 424 426
106 132 317 530 541 585
3 8 80 497 661 669
32 37 237 450 511 555
88 202 277 348 358 390
124 252 284 351 429 509
27 257 295 363 523 569
164 285 312 434 536 542
125 185 282 434 537 636
69 133 293 489 626 642
96 106 318 454 505 519
131 232 282 418 532 610
62 147 306 362 645 656
38 55 330 451 533 670
117 151 190 439 458 667
8 207 291 350 561 629
33 239 261 402 459 630
5 160 196 573 592 666
147 182 204 608 649 655
15 53 136 410 429 470
46 97 166 422 452 528
56 70 298 361 367 517
65 116 248 353 365 502
59 111 321 385 503 544
250 318 328 357 477 545
82 103 271 451 511 568
198 216 280 358 439 512
66 68 172 470 568 628
165 167 251 395 446 464
146 159 288 398 427 561
7 200 202 473 589 616
131 307 324 467 551 573
48 138 265 336 369 373
57 101 329 343 557 577
82 185 264 352 474 485
106 218 301 442 472 647
20 235 236 467 475 498
97 154 195 441 549 641
41 52 173 409 443 594
6 17 20 348 479 521
90 172 207 349 480 522
63 83 132 350 353 360
209 211 238 444 461 477
77 134 200 372 491 668
42 44 68 437 445 456
9 159 190 445 559 643
207 233 313 530 556 624
4 16 26 462 569 623
14 40 43 492 527 658
84 98 271 370 420 655
51 87 302 533 596 661
41 135 331 380 479 570
69 75 109 380 504 537
23 40 277 359 367 550
145 228 245 517 538 553
1 6 79 487 557 616
129 184 293 499 500 668
7 194 315 535 571 665
49 135 160 396 412 603
11 103 192 453 583 659
35 292 323 404 576 632
55 99 320 468 601 642
62 299 325 401 531 566
109 201 296 454 518 579
64 180 197 349 406 423
121 214 332 347 560 644
79 118 226 351 448 571
51 112 225 449 471 618
1 92 95 397 484 581
13 129 306 484 508 542
170 226 235 364 482 623
37 52 111 485 493 543
9 222 259 365 526 650
69 113 122 416 486 610
119 156 176 336 354 459
177 291 335 355 487 575
4 29 116 375 539 619
193 273 291 521 586 598
85 266 288 460 542 624
194 263 333 364 525 645
201 268 319 572 611 661
14 88 334 399 475 488
234 247 284 500 589 657
31 145 289 350 392 508
19 110 317 459 582 605
9 67 225 366 448 483
150 216 311 367 495 514
0 64 67 414 556 657
107 167 179 419 569 583
111 175 300 611 636 662
191 228 253 399 609 620
102 305 324 558 598 634
22 81 249 473 573 612
85 192 264 377 405 476
35 122 184 429 551 644
12 39 108 338 353 403
76 91 304 341 378 477
123 148 240 386 555 641
103 140 282 368 387 642
18 136 162 416 437 650
123 139 236 418 492 585
3 25 73 343 411 482
141 152 224 544 563 640
150 178 287 480 501 562
72 145 267 370 656 669
24 155 269 485 529 582
64 87 305 509 578 629
41 59 223 395 498 621
232 242 264 540 594 641
10 187 228 379 402 478
75 203 220 409 428 465
90 279 283 495 539 651
219 316 326 363 627 651
243 320 335 414 537 665
187 221 267 343 513 631
17 123 332 360 516 550
31 107 155 377 586 648
95 119 150 574 590 600
56 58 149 590 620 649
276 281 283 407 424 660
104 149 196 383 433 581
89 127 198 384 488 489
74 91 260 490 505 524
205 236 241 506 601 605
55 73 290 618 659 664
50 241 332 438 576 662
143 158 165 466 536 596
98 146 307 441 496 521
135 175 237 360 368 579
163 248 262 378 445 547
23 36 229 501 576 591
115 201 203 411 426 545
140 266 307 345 412 499
88 189 213 342 408 424
152 212 269 391 422 636
70 181 258 344 392 587
57 200 263 351 484 637
11 48 125 465 638 646
2 18 256 341 433 442
78 84 120 400 517 597
8 208 210 436 538 643
23 77 189 590 599 644
128 290 312 372 403 405
47 124 188 404 507 622
138 161 259 341 407 600
139 230 272 387 472 572
254 297 303 579 599 657
63 246 315 355 375 560
29 163 294 457 490 584
94 96 137 494 504 653
105 113 182 356 433 452
65 239 296 450 541 635
170 214 309 431 497 535
33 133 203 425 609 659
46 60 320 438 525 610
60 80 233 340 347 432
20 121 230 342 345 443
114 275 312 362 430 638
92 156 280 337 515 595
2 53 107 339 393 524
7 36 101 389 463 554
272 278 287 545 568 639
75 100 206 386 575 621
92 153 170 423 577 663
38 276 285 461 580 654
110 250 322 376 425 625
2 28 72 381 565 649
122 268 274 340 342 382
22 191 286 383 390 409
84 85 151 362 384 392
142 173 310 346 609 631
169 245 303 396 440 591
102 140 242 371 528 570
50 230 240 493 510 528
83 101 255 479 547 669
24 72 179 374 432 511
134 277 328 430 534 652
79 153 241 414 463 481
40 94 218 386 437 587
197 225 324 383 482 632
130 177 217 397 413 604
34 257 321 588 615 633
174 176 308 421 523 552
121 127 178 346 486 624
59 124 171 364 435 596
50 108 235 415 503 558
29 126 323 349 391 506
119 198 278 408 425 456
12 156 238 417 455 607
82 138 151 401 456 593
99 154 164 418 446 499
133 204 299 451 512 546
141 143 286 430 471 621
77 227 329 431 581 664
181 260 295 494 619 667
105 129 244 520 616 671
10 28 31 355 361 460
183 202 227 356 515 670
24 256 289 530 593 671
45 247 298 358 440 508
158 224 297 509 611 654
15 141 219 357 435 588
94 186 250 428 470 564
162 286 303 359 366 380
30 32 91 381 513 548
47 257 304 373 464 625
144 185 302 385 461 518
27 149 284 339 406 491
113 115 215 540 562 666
100 126 319 492 544 629
21 186 301 393 444 493
112 125 305 403 575 640
161 271 288 381 480 580
120 180 259 397 447 539
162 253 316 559 626 658
244 262 323 463 529 628
10 81 199 344 412 665
25 99 273 371 467 613
117 144 222 410 635 660
205 211 308 457 533 625
38 97 275 563 602 655
206 294 296 604 606 647
60 154 193 419 516 551
25 46 128 540 558 637
54 194 227 468 608 663
6 178 309 356 389 561
80 177 270 400 449 565
39 168 176 494 541 638
44 270 313 384 442 483
117 161 192 495 524 630
3 130 243 423 518 554
5 173 175 426 532 560
166 233 273 345 469 582
157 199 251 468 502 570
174 216 238 566 652 660
0 61 102 388 438 469
179 199 212 368 525 619
66 275 279 357 453 597
195 279 313 462 476 519
71 115 293 371 534 627
16 126 274 475 556 615
13 204 261 337 361 580
47 223 300 466 605 646
35 71 100 435 550 598
212 221 249 490 532 637
34 104 171 471 617 663
13 26 262 398 577 648
76 188 314 417 529 650
19 54 57 337 481 613
180 190 265 363 584 595
53 289 316 500 522 667
104 247 314 366 515 671
67 120 146 440 462 487
220 294 325 369 444 612
11 242 302 395 411 602
148 209 278 428 474 548
108 153 308 547 578 633
58 295 314 354 374 559
1 89 214 400 592 668
208 217 281 369 399 526
42 93 114 336 359 458
49 56 142 478 501 546
213 218 229 510 567 639
152 167 327 549 615 646
14 36 246 346 413 506
246 255 301 443 457 565
109 215 299 352 396 514
93 276 290 599 607 630
196 252 331 416 557 634
43 213 318 548 572 651
116 261 325 344 407 455
48 87 222 421 436 507
16 248 292 415 464 483
81 169 267 496 531 554
143 249 254 372 394 606
21 86 333 419 503 566
110 231 263 422 574 622
68 195 285 398 474 653
32 70 310 370 402 527
39 139 209 434 505 614
134 137 322 489 523 536
255 317 333 432 498 552
44 210 283 365 439 567
