60 63 239 370 475 619
42 88 91 498 542 600
68 95 117 431 551 650
24 79 159 434 499 620
146 149 311 346 474 621
170 172 318 389 435 644
7 16 136 418 436 652
35 199 216 399 563 670
150 151 326 420 575 588
41 137 221 512 626 640
3 4 27 458 532 647
47 228 246 425 509 627
183 215 253 369 523 641
83 84 291 450 528 557
38 39 52 473 525 665
52 193 274 517 562 661
50 51 160 500 564 595
261 286 328 371 389 487
190 255 304 337 524 642
5 6 73 372 554 637
4 61 223 407 474 625
144 251 300 442 549 565
281 307 308 352 511 566
50 76 273 530 538 567
114 235 282 492 539 634
71 72 258 363 568 598
0 25 189 497 523 648
115 297 320 356 466 603
44 261 331 440 449 486
181 238 282 364 531 601
9 10 101 484 527 543
8 89 305 405 485 552
112 113 205 508 622 647
19 152 178 553 578 605
23 24 103 415 491 626
20 21 155 382 495 639
61 99 100 424 519 651
16 139 151 404 479 486
227 240 314 366 610 641
106 107 129 400 557 642
92 310 335 432 519 563
187 206 279 433 492 663
13 14 125 345 411 509
12 18 29 413 430 473
163 251 295 377 445 595
131 316 333 576 589 627
75 106 138 412 580 618
0 15 132 450 548 645
123 124 274 388 534 671
134 179 302 545 569 662
125 296 304 408 449 558
129 130 194 546 608 636
184 191 330 455 494 531
11 111 322 454 631 635
37 93 272 437 442 591
199 247 296 352 394 438
18 19 102 416 475 581
17 31 147 343 582 637
28 207 268 344 459 564
7 78 157 374 428 503
101 184 185 439 483 524
153 154 269 440 572 615
153 162 315 515 521 619
159 160 224 359 554 565
109 250 330 545 617 657
74 289 313 423 508 625
0 17 22 373 480 629
21 171 245 375 593 612
30 129 228 388 405 558
85 148 252 339 494 643
180 267 315 606 608 639
10 104 275 414 622 656
51 177 178 451 455 583
33 173 327 397 485 584
161 240 323 534 560 615
177 192 329 416 472 660
80 250 280 417 457 553
187 188 265 343 599 669
71 196 241 541 611 650
193 194 298 411 521 589
1 36 171 398 460 607
86 124 140 341 608 610
62 164 334 385 396 645
114 115 161 372 376 613
29 30 214 394 433 562
128 134 319 381 415 502
47 235 270 419 653 654
27 198 215 447 544 614
60 236 295 393 413 658
184 212 213 421 472 628
76 116 212 511 526 539
159 216 306 358 426 463
63 135 275 578 632 639
102 292 328 403 478 542
1 28 33 442 519 567
32 222 294 568 622 630
193 266 296 446 468 664
18 148 265 427 441 461
75 76 156 485 531 571
117 186 201 362 578 631
79 227 228 396 498 533
67 68 244 350 538 582
168 256 335 426 459 507
135 202 254 478 529 550
11 12 109 367 409 577
167 188 243 358 391 420
150 206 269 379 586 613
241 242 276 394 445 510
2 25 48 423 551 603
17 49 144 344 467 663
207 241 321 357 430 582
130 152 248 431 501 621
133 150 314 466 559 647
41 42 256 409 434 560
34 40 226 436 561 646
171 271 272 397 477 671
38 58 245 367 384 404
50 165 275 361 368 431
173 255 285 527 556 618
126 288 300 397 479 499
2 40 45 348 374 631
62 137 297 497 592 610
267 284 285 361 482 633
33 67 104 443 520 526
88 107 264 506 515 666
1 26 74 377 463 513
22 96 211 490 516 589
224 264 312 352 624 663
149 220 221 467 634 659
190 281 318 421 585 666
140 141 332 482 570 630
3 53 209 380 566 588
192 247 256 359 376 430
140 237 280 466 476 501
282 284 326 422 530 669
276 277 287 502 555 574
200 288 310 398 415 596
195 305 306 567 599 653
152 236 285 594 616 656
90 188 218 465 491 516
172 216 297 508 570 668
55 56 244 373 452 571
54 123 166 354 375 396
118 164 180 365 388 572
34 35 230 339 486 573
5 62 90 534 620 629
122 234 235 363 444 621
80 246 288 418 535 612
196 246 290 362 495 503
136 217 239 339 481 572
46 155 259 365 434 477
4 42 54 366 382 454
195 196 294 368 401 444
66 82 303 445 505 638
16 110 225 347 518 596
202 203 214 392 411 574
115 225 331 438 575 590
67 106 181 471 576 628
26 45 128 410 499 577
56 213 289 412 644 648
154 230 263 547 609 652
262 263 283 406 428 435
57 75 127 342 483 657
253 298 312 408 480 615
222 272 316 517 520 638
65 66 234 541 594 630
64 86 323 465 521 640
205 292 334 366 632 644
56 110 177 403 483 548
59 60 293 441 507 623
57 58 233 347 537 581
92 147 266 391 443 489
133 223 224 447 453 469
114 127 189 472 490 512
5 64 69 358 467 661
68 81 319 351 500 510
100 263 327 336 398 585
161 162 198 507 624 661
40 105 251 462 555 607
6 77 109 381 512 537
175 199 328 574 596 666
119 120 204 380 590 623
93 94 259 493 607 626
104 162 242 355 393 446
73 257 269 464 590 624
83 169 321 416 471 514
167 198 319 432 525 554
34 110 232 371 484 667
14 128 178 535 550 617
30 64 158 446 536 599
31 39 217 427 464 510
14 122 176 362 457 636
36 97 261 337 609 646
19 41 238 528 540 657
13 72 121 419 468 665
121 254 324 384 410 449
20 138 163 361 541 625
252 253 317 450 524 547
99 179 190 494 584 602
189 271 298 496 504 604
163 191 209 357 530 651
7 8 82 336 555 627
81 222 257 355 390 665
48 121 310 351 438 513
156 157 218 429 439 587
144 289 320 346 448 469
9 90 322 354 561 569
202 304 311 369 487 636
20 158 232 401 414 532
8 45 86 349 533 587
85 132 294 456 632 667
24 182 186 535 540 561
94 139 325 375 646 655
3 49 118 470 536 586
219 323 329 354 528 604
52 95 232 488 544 568
59 84 292 452 560 643
65 271 301 341 495 556
248 308 316 538 654 664
49 84 227 506 597 640
87 88 154 389 606 641
58 85 277 436 478 545
127 207 249 373 409 455
29 165 208 488 611 616
9 92 97 386 573 584
96 203 290 383 429 504
191 192 195 461 539 564
116 168 303 393 437 653
113 273 300 463 520 588
211 237 312 343 613 664
197 284 299 360 441 595
113 217 264 355 399 586
119 286 313 356 532 649
175 176 333 383 418 642
116 117 332 338 444 656
80 81 102 384 451 481
220 260 302 367 601 629
105 290 303 402 477 552
15 54 268 493 597 660
46 47 141 360 426 638
43 44 257 345 515 518
131 187 291 364 405 480
32 218 219 341 353 543
15 135 299 365 583 643
277 320 324 374 417 487
123 301 306 425 460 465
69 151 276 525 549 670
210 219 325 364 386 671
91 176 242 402 481 558
91 186 197 462 475 509
98 220 233 422 473 637
239 240 318 385 542 547
13 98 118 360 464 562
132 204 230 370 514 518
12 61 93 377 459 659
120 142 143 350 379 424
185 223 231 369 412 428
55 89 229 342 429 557
87 108 293 614 633 649
72 210 211 391 492 517
21 164 168 425 493 619
101 226 326 347 378 491
78 247 278 453 603 611
74 148 281 399 522 651
22 77 173 342 496 569
157 270 287 410 552 579
174 201 295 402 577 583
262 314 335 407 570 614
169 170 200 403 609 662
36 108 126 348 406 556
77 260 278 395 497 635
55 183 206 392 490 506
83 234 330 456 580 605
11 105 315 349 593 600
179 317 332 435 456 527
28 78 205 368 407 448
124 153 213 385 400 604
70 141 225 390 422 563
208 266 267 414 501 598
70 169 182 451 573 601
65 258 265 401 476 633
126 131 137 496 533 655
43 136 258 457 606 667
147 229 302 471 516 537
185 203 308 408 571 579
108 145 146 423 458 594
73 112 311 340 356 447
38 103 143 351 420 659
6 70 248 489 500 634
138 279 280 363 469 616
142 156 231 336 392 628
252 309 334 370 421 597
39 250 254 345 502 581
53 175 283 479 579 602
2 37 172 338 448 649
95 96 291 353 523 546
23 112 166 387 543 592
87 243 278 559 598 668
100 145 270 505 513 566
89 165 333 503 546 618
146 249 329 454 605 648
53 82 149 424 549 654
37 244 309 344 511 623
71 229 238 353 395 580
97 209 317 378 514 585
57 182 208 395 484 553
43 174 249 548 600 617
166 167 226 386 404 620
133 134 245 387 417 635
23 181 283 439 655 662
125 155 183 498 504 529
10 98 130 340 482 488
27 139 200 371 387 406
111 143 215 474 551 559
25 69 286 346 544 668
26 197 279 413 419 565
63 259 260 540 593 645
48 59 212 350 376 522
145 299 309 470 522 658
44 180 231 400 529 652
31 32 122 340 476 650
301 324 327 337 587 612
103 210 293 432 591 669
142 236 305 433 505 526
255 273 325 378 460 576
99 158 321 380 443 461
194 201 287 349 383 550
35 233 237 427 489 575
51 66 204 357 390 658
119 221 274 372 536 591
160 174 322 381 462 660
79 94 313 348 382 592
111 262 307 338 453 458
214 243 331 379 468 670
46 268 307 359 437 470
107 120 170 440 452 602
