176 201 290 362 383 402
18 192 321 416 430 461
234 294 332 444 456 630
69 144 149 346 467 549
286 311 320 346 356 487
81 217 242 355 481 510
162 257 264 355 515 624
57 77 229 342 395 537
58 109 302 367 537 545
42 240 292 366 542 560
4 205 314 366 407 647
154 170 261 389 440 609
120 269 331 379 440 590
209 273 326 378 530 588
101 255 317 378 524 527
175 203 287 383 574 579
22 55 127 342 373 490
242 295 303 393 402 445
142 206 214 379 392 433
183 202 231 369 392 529
27 232 286 371 532 544
110 200 328 371 403 596
91 105 174 402 462 600
63 132 334 370 632 645
230 239 252 339 370 547
117 122 196 362 444 650
99 148 191 461 494 651
25 146 289 346 423 648
29 241 247 394 430 611
143 150 243 379 420 559
38 151 167 404 420 525
104 116 236 393 526 656
117 152 275 431 578 656
12 207 256 409 430 459
0 253 291 450 480 523
17 187 312 343 480 663
19 83 329 416 528 605
66 141 222 390 630 638
59 120 244 350 452 623
67 142 212 350 526 628
83 132 317 450 456 514
44 125 254 345 449 529
261 304 324 337 449 487
106 255 333 576 618 642
131 181 325 364 576 655
85 179 330 456 494 545
35 151 331 486 575 670
225 233 326 347 422 575
116 195 235 444 539 653
82 251 276 445 549 555
224 247 307 352 359 453
296 308 312 352 408 664
48 68 143 350 351 551
5 17 220 467 629 637
202 277 328 478 487 574
105 171 259 477 593 607
155 271 290 477 495 504
88 183 227 498 506 641
55 84 107 452 506 557
270 303 305 505 552 653
82 100 142 336 424 505
73 115 119 356 372 590
80 136 176 418 457 481
7 231 263 336 428 652
39 276 319 502 510 525
152 208 280 501 553 616
237 248 266 489 501 664
93 168 268 437 459 493
37 116 307 338 437 511
31 68 241 510 582 650
161 269 312 613 615 624
20 267 275 361 414 639
50 163 284 361 530 595
104 113 222 355 520 622
158 195 265 401 461 599
42 79 155 382 434 498
46 159 256 359 426 434
43 88 315 515 600 606
71 208 278 395 598 611
34 85 136 339 436 667
56 75 185 412 483 571
76 244 308 511 538 571
6 147 233 489 537 637
86 194 315 349 521 608
8 105 287 349 552 555
89 129 291 405 546 557
134 250 277 417 502 545
65 108 285 556 594 633
36 255 301 337 460 556
11 245 260 367 593 635
91 102 239 475 481 542
97 190 327 337 584 585
59 161 256 376 507 560
204 225 257 390 518 590
43 110 132 518 548 667
2 111 117 338 551 631
40 186 322 462 561 631
41 84 323 528 560 640
3 113 150 586 588 647
5 161 274 372 534 661
6 114 221 372 512 634
54 227 334 366 396 597
55 156 203 392 429 571
60 204 309 370 623 658
28 61 335 407 459 519
97 169 230 514 573 609
21 54 94 375 382 493
123 171 325 375 460 671
146 152 234 594 605 621
44 107 153 400 440 515
96 183 189 490 504 523
87 172 286 389 649 668
205 275 294 368 622 632
28 50 195 368 564 567
13 47 197 360 419 509
72 235 279 363 419 492
141 216 335 426 563 570
172 262 332 338 435 570
53 151 300 479 549 588
52 72 222 517 568 665
210 272 274 517 591 671
76 191 282 530 531 539
10 285 332 482 527 656
58 102 254 384 478 581
80 245 324 384 417 612
97 226 325 378 386 646
178 249 330 455 605 617
91 125 228 498 509 558
184 190 252 421 494 524
139 166 245 375 387 404
27 112 133 387 447 647
109 128 174 381 577 617
96 194 333 383 546 589
172 205 289 448 508 644
213 318 334 385 421 644
157 185 283 428 439 579
75 89 173 342 485 618
14 43 250 345 457 617
4 20 313 382 532 625
0 56 249 373 548 648
133 280 320 417 466 469
115 150 237 466 575 613
93 103 221 591 626 659
37 119 293 591 623 649
66 163 241 357 445 541
149 235 248 621 634 654
122 130 311 340 621 636
60 162 168 393 507 619
30 187 305 405 433 599
31 73 98 340 464 637
28 37 144 344 442 448
17 207 244 344 373 582
215 223 311 369 447 474
171 288 327 397 398 612
126 173 271 397 496 556
34 139 261 371 486 646
24 41 259 434 540 626
182 238 260 395 540 601
52 69 198 525 544 661
35 148 217 339 399 427
199 264 281 352 399 666
26 121 270 410 419 513
1 100 310 398 513 519
3 119 158 380 532 536
16 175 288 418 479 596
111 133 278 453 559 635
85 135 292 478 632 643
59 148 299 441 522 643
199 225 310 438 563 596
153 298 323 521 604 615
124 219 271 341 604 671
102 169 177 403 416 451
32 65 140 341 476 630
11 42 249 409 454 600
107 175 190 602 642 666
22 90 302 516 569 629
9 173 179 527 569 584
125 203 298 408 411 504
185 253 304 369 408 524
62 124 240 385 534 610
126 139 283 406 479 655
15 164 259 365 493 645
154 240 253 547 615 641
36 40 94 348 607 646
123 164 228 388 396 425
62 79 166 396 592 620
263 317 318 435 547 585
12 26 295 377 413 577
18 60 197 413 441 475
14 186 246 362 509 535
90 123 323 354 465 534
30 118 274 388 536 562
13 193 214 411 468 562
103 310 319 351 415 432
23 134 200 387 415 662
29 52 98 473 488 562
10 208 232 414 484 488
100 209 281 566 585 651
48 74 145 423 513 522
147 188 211 343 391 516
189 213 329 472 604 648
170 179 283 435 602 662
23 101 218 439 491 543
24 90 226 491 561 620
193 211 316 517 589 664
78 165 196 368 503 611
1 93 251 377 442 607
30 242 296 394 446 558
87 215 314 559 614 641
49 64 221 467 536 640
51 295 299 583 595 658
160 197 251 462 565 595
47 168 306 425 426 653
21 246 301 425 495 612
103 188 326 420 491 669
2 108 313 348 423 649
31 237 265 343 427 476
33 76 305 485 526 567
19 63 186 475 540 578
135 178 201 550 578 583
118 217 269 464 572 586
13 39 257 345 464 665
50 68 248 431 500 538
112 297 313 356 508 592
74 113 216 399 463 508
114 206 211 490 492 613
15 84 252 450 597 643
7 40 277 374 436 555
16 58 226 347 404 436
21 63 315 593 619 639
22 131 298 480 496 589
23 94 137 592 626 655
25 95 215 523 544 551
49 206 264 506 586 663
130 140 267 482 501 608
98 141 284 360 422 482
61 143 149 424 474 659
144 224 279 469 565 663
135 155 180 365 529 639
8 156 327 336 485 587
45 157 324 374 410 587
104 158 266 414 443 446
33 92 99 443 519 584
265 284 293 441 633 669
46 272 303 437 477 638
56 170 292 403 452 644
57 101 110 347 483 484
72 243 266 391 468 598
73 198 224 447 554 624
129 176 304 558 636 642
106 213 231 400 412 628
204 209 321 357 380 514
8 131 228 405 533 627
45 79 126 348 499 533
156 181 184 439 531 628
54 322 329 354 454 660
121 296 331 438 449 468
67 273 316 520 538 576
138 165 285 361 616 618
16 44 230 486 518 652
136 154 180 572 606 652
219 238 291 353 364 528
25 278 297 497 603 668
77 137 189 496 497 512
1 273 306 460 463 567
29 236 279 413 433 616
198 293 335 432 507 614
27 108 262 406 458 614
199 214 276 394 574 670
33 272 300 397 442 520
70 220 282 422 601 634
80 178 182 451 535 553
51 70 81 390 451 500
160 192 268 359 564 660
38 81 121 351 384 665
78 223 262 407 428 453
67 147 321 443 471 582
83 106 229 471 557 580
87 258 267 598 606 633
61 74 163 377 625 651
138 223 289 412 469 625
64 188 306 358 465 599
46 118 299 360 365 470
0 62 260 497 629 645
3 145 307 458 470 566
4 111 146 454 458 474
32 71 95 353 568 650
169 181 302 471 601 662
127 177 184 455 472 483
20 65 196 401 495 541
9 34 182 484 561 573
11 45 201 349 577 631
89 157 290 429 503 552
66 145 236 505 594 658
95 130 165 431 488 546
53 99 120 380 424 602
92 167 210 386 391 432
122 258 280 363 457 476
24 128 288 415 499 535
53 270 308 566 579 654
51 191 207 357 455 564
19 57 250 553 581 657
153 164 239 385 572 619
35 70 92 489 563 573
9 166 219 354 386 543
12 38 220 367 473 659
18 39 233 427 473 581
69 216 243 358 668 670
5 159 167 358 554 620
47 82 316 627 638 654
114 192 212 376 472 539
10 32 112 340 543 622
26 159 300 463 499 565
232 258 294 401 568 667
2 78 320 374 448 603
36 200 263 398 406 609
6 160 319 381 500 554
86 137 227 533 610 640
86 218 301 341 465 587
212 281 309 421 511 522
71 138 234 363 541 580
64 162 193 446 521 661
88 318 328 389 542 666
128 254 287 410 502 550
75 238 330 531 580 657
15 174 177 548 583 660
49 268 309 344 470 597
41 109 127 409 512 657
96 218 229 353 429 516
14 194 202 411 550 636
124 129 180 388 400 608
187 210 282 364 492 669
140 297 314 466 570 610
77 134 322 381 569 635
7 246 333 418 503 627
48 115 247 376 438 603
