2 3 4 1591 1634
5 6 7 1320 1710
8 9 10 1320 1956
11 12 13 1321 2027
14 15 16 1955 2028
17 18 19 1323 1822
20 21 22 1321 1324
23 24 25 1322 2151
26 27 28 1323 2191
29 30 31 1324 2398
32 33 34 1322 1799
35 36 37 1325 2472
38 39 40 1326 1833
31 41 42 1327 2486
43 44 45 2436 2448
46 47 48 1777 2487
29 49 50 2434 2488
51 52 53 1331 2301
54 55 56 1332 2221
57 58 59 1333 1647
60 61 62 1325 1334
45 63 64 1326 1335
65 66 67 1327 1336
68 69 70 1328 2203
58 66 71 1329 2543
72 73 74 1330 1642
75 76 77 1331 1984
78 79 80 1332 2556
81 82 83 1333 2582
84 85 86 1334 2469
87 88 89 1335 2314
90 91 92 1336 1344
93 94 95 1328 1832
82 91 96 1329 2274
97 98 99 1330 1742
100 101 102 1337 1646
103 104 105 1338 2321
92 106 107 1339 1807
108 109 110 1340 2311
62 111 112 1341 2312
90 113 114 1342 2034
115 116 117 1343 2196
118 119 120 1345 1772
121 122 123 1989 2603
124 125 126 1789 2002
86 127 128 1341 1367
129 130 131 1559 2251
132 133 134 1664 2252
84 135 136 1576 1845
137 138 139 1440 2300
140 141 142 1625 2234
143 144 145 1355 1749
146 147 148 1356 2121
149 150 151 1357 2098
152 153 154 1358 2347
110 155 156 1359 2596
157 158 159 1360 1497
160 161 162 1361 2052
150 158 163 1351 2053
164 165 166 1362 1741
167 168 169 1337 1363
170 171 172 1338 1364
173 174 175 1339 1365
176 177 178 1340 1366
179 180 181 1342 1368
182 183 184 1343 1369
174 180 185 1344 1349
186 187 188 1345 1370
189 190 191 1346 2588
192 193 194 1347 2309
195 196 197 1348 1655
198 199 200 1350 2337
201 202 203 1352 2041
163 196 204 1353 2042
76 205 206 1354 2043
207 208 209 1355 2286
210 211 212 1356 1417
213 214 215 1357 2351
216 217 218 1358 1538
114 178 219 1359 1604
220 221 222 1360 2638
143 223 224 1361 1906
214 221 225 1351 1701
49 226 227 1362 2348
228 229 230 1363 1928
231 232 233 1364 1707
234 235 236 1365 1453
237 238 239 1366 1793
240 241 242 1367 2607
243 244 245 1368 2105
246 247 248 1369 1386
235 244 249 1349 1391
250 251 252 1370 1378
253 254 255 1346 2310
256 257 258 1347 1476
259 260 261 1348 2306
262 263 264 1350 2035
265 266 267 1352 2185
166 225 260 1353 1968
268 269 270 1354 2195
271 272 273 1371 2049
274 275 276 1372 2050
252 277 278 1373 2051
279 280 281 1374 2094
94 154 282 1375 2371
250 283 284 1376 1481
285 286 287 1377 2283
215 288 289 1379 2284
208 290 291 1380 2616
292 293 294 1381 1945
248 295 296 1382 2527
297 298 299 1383 2450
246 300 301 1384 1502
302 303 304 1385 2491
305 306 307 1387 1431
308 309 310 1388 2088
311 312 313 1389 1579
314 315 316 1390 1700
135 255 317 1392 2242
251 315 318 1393 2243
190 319 320 1394 2244
321 322 323 2044 2395
282 324 325 2462 2639
208 236 326 2079 2335
143 327 328 1748 1999
317 329 330 1879 2262
234 331 332 2263 2473
56 333 334 1383 1452
335 336 337 1384 1454
297 338 339 1721 2058
253 340 341 1892 2593
230 342 343 1726 1893
40 344 345 2081 2523
200 346 347 2031 2590
228 348 349 2082 2364
64 350 351 1522 2325
352 353 354 1929 1936
165 355 356 1510 1675
357 358 359 1639 2570
275 360 361 1640 1902
79 362 363 1632 1977
235 361 364 2013 2257
365 366 367 2014 2603
0 368 369 1420 1437
370 371 372 1421 2047
242 373 374 1422 2205
375 376 377 1423 2546
202 281 378 1424 2092
79 379 380 1425 2547
237 381 382 1426 2537
373 380 383 1412 2504
384 385 386 1427 1626
387 388 389 1428 2535
390 391 392 1429 1621
393 394 395 1430 2540
396 397 398 1431 2600
399 400 401 1432 1919
402 403 404 1433 1764
394 400 405 1410 1765
50 406 407 1434 1766
408 409 410 1435 2503
140 411 412 1436 1603
413 414 415 1437 1964
416 417 418 1411 2494
179 419 420 1438 2197
383 414 421 1439 1791
309 422 423 1416 1440
424 425 426 1371 1441
378 427 428 1372 1442
389 429 430 1373 1443
271 431 432 1374 1444
218 420 433 1375 1445
434 435 436 1376 1446
105 437 438 1377 1447
418 429 435 1378 1406
439 440 441 1379 1448
396 442 443 1380 1449
444 445 446 1381 1450
447 448 449 1382 1451
112 450 451 1385 1455
336 448 452 1386 1404
453 454 455 1387 1456
137 288 456 1388 1457
457 458 459 1389 1458
371 460 461 1390 1459
462 463 464 1391 1405
193 465 466 1392 1460
418 461 467 1393 1461
254 468 469 1394 1462
366 389 470 1395 2629
471 472 473 1396 2605
384 474 475 1397 1571
78 476 477 1398 2413
159 299 478 1399 1521
479 480 481 1400 2167
271 482 483 1401 1539
475 480 484 1402 1668
65 485 486 1403 2066
487 488 489 1407 2599
490 491 492 1408 1921
416 493 494 1409 2454
419 446 495 1413 2396
48 496 497 1414 1536
498 499 500 1415 2296
265 501 502 1416 2150
289 484 499 1418 2364
503 504 505 1419 2495
317 506 507 1420 2260
508 509 510 1421 1489
511 512 513 1422 2181
514 515 516 1423 1585
266 432 517 1424 1586
161 518 519 1425 1587
520 521 522 1426 1901
191 512 518 1412 2139
300 523 524 1427 1484
525 526 527 1428 1851
528 529 530 1429 1852
329 531 532 1430 1649
153 533 534 1432 1978
319 535 536 1433 1960
532 534 537 1410 2137
151 538 539 1434 1997
540 541 542 1435 2383
543 544 545 1436 2384
546 547 548 1411 2138
243 549 550 1438 1746
191 368 551 1439 2242
25 552 553 1441 2407
517 554 555 1442 2311
35 527 556 1443 2173
19 424 557 1444 2146
550 558 559 1445 2147
560 561 562 1446 1805
172 563 564 1447 1666
548 556 561 1406 1520
70 565 566 1448 1667
305 567 568 1449 1606
569 570 571 1450 2267
401 572 573 1451 2268
47 80 574 1452 2581
464 575 576 1453 1895
196 577 578 1454 1597
128 579 580 1455 2205
572 577 581 1404 1518
582 583 584 1456 1949
440 585 586 1457 1500
587 588 589 1458 1505
509 590 591 1459 1494
592 593 594 1405 1519
257 595 596 1460 1478
548 591 597 1461 1483
598 599 600 1462 1470
527 601 602 1395 1899
603 604 605 1396 1685
523 606 607 1397 1521
202 608 609 1398 1719
195 222 334 1399 1720
610 611 612 1400 1721
424 613 614 1401 2362
607 611 615 1402 2450
90 616 617 1403 2453
46 618 619 1407 2492
397 620 621 1408 2468
546 622 623 1409 1751
549 571 624 1413 1583
328 625 626 1414 1946
116 627 628 1415 2548
629 630 631 1417 2241
441 615 627 1418 2497
632 633 634 1419 2272
1 635 636 1463 1473
637 638 639 1464 2057
492 600 640 1465 2114
641 642 643 1466 2365
135 377 644 1467 2038
193 598 645 1468 2310
82 487 646 1469 2501
529 647 648 1471 2502
85 508 649 1472 2533
650 651 652 1473 2143
596 653 654 1474 2534
362 549 655 1475 2552
543 656 657 1477 1731
67 131 658 1479 1732
659 660 661 1480 2010
186 662 663 1481 2017
364 664 665 1482 1887
599 664 666 1485 1509
34 409 667 1486 2407
226 668 669 1487 2179
526 644 670 1488 1954
0 264 569 1490 1785
78 524 671 1491 2426
590 672 673 1492 1725
148 674 675 1493 2470
676 677 678 1495 1883
614 655 679 1496 1951
361 606 680 1497 2631
586 681 682 1498 1815
156 683 684 1499 1608
685 686 687 1501 1776
182 385 688 1502 1966
15 689 690 1503 2485
638 691 692 1504 2192
312 693 694 1506 1617
591 692 695 1507 1618
44 495 696 1508 1619
468 508 697 1509 2350
87 698 699 1510 1582
529 700 701 1511 2394
192 702 703 1512 1933
284 398 704 1513 1934
10 705 706 1514 1744
0 707 708 1515 1816
701 705 709 1516 2136
113 233 710 1517 2130
711 712 713 1523 1592
210 714 715 1524 1904
386 709 712 1525 1624
716 717 718 1526 2388
636 719 720 2461 2496
721 722 723 2022 2169
298 566 724 2497 2626
725 726 727 2157 2341
70 400 728 1759 2078
729 730 731 2280 2475
421 732 733 1943 2210
460 564 612 1577 2428
734 735 736 1616 2056
563 737 738 2358 2403
240 703 739 2239 2528
58 546 740 1980 2501
741 742 743 1496 1664
710 744 745 1498 1665
219 348 746 1499 1668
42 565 744 1500 1548
747 748 749 1501 1669
194 750 751 2164 2417
35 421 752 2165 2508
753 754 755 1817 2106
540 746 756 1842 2346
267 483 757 2107 2142
758 759 760 2023 2170
711 761 762 2324 2524
486 553 763 1905 2525
126 764 765 1972 2303
28 552 766 2146 2503
597 658 767 1770 2087
530 768 769 2526 2551
413 675 706 1816 2110
722 770 771 1817 1969
170 358 772 2317 2408
556 771 773 1942 2036
621 774 775 1811 1878
119 604 776 1792 2096
521 729 777 1793 1924
399 778 779 1958 2029
188 332 780 1706 2051
482 781 782 2032 2180
687 754 783 1908 2036
777 782 784 1764 2037
195 785 786 1718 2409
505 642 787 2024 2455
3 788 789 1733 1779
790 791 792 2199 2395
420 784 787 1527 2639
443 576 793 2335 2438
357 794 795 1592 1635
220 594 796 1593 1636
797 798 799 1594 2498
179 643 800 1517 1595
312 762 801 1596 2499
762 796 802 1572 2589
98 803 804 1598 2587
185 805 806 1599 2274
346 807 808 1600 2446
809 810 811 1601 2493
465 516 812 1467 1602
813 814 815 1603 2147
496 810 816 1570 2162
817 818 819 1605 2637
26 467 820 1607 2443
746 821 822 1571 2265
399 823 824 1535 1911
26 623 802 1608 2015
74 660 825 1609 2012
485 826 827 1610 2390
800 828 829 1611 2373
618 806 830 1469 1528
1 502 831 1612 2005
192 632 824 1613 2006
793 832 833 1614 2007
276 834 835 1615 1830
618 793 822 1568 2233
222 836 837 1616 2187
124 812 838 1488 1617
461 839 840 1562 1618
81 841 842 1619 2414
94 756 843 1620 2389
81 345 677 1566 2226
631 844 845 1621 1662
302 647 846 1622 2231
21 847 848 1623 1826
357 849 850 1624 2232
360 851 852 1567 1929
822 850 853 1626 2235
61 607 854 1627 2236
696 806 855 1628 2582
198 856 857 1629 2227
803 858 859 1630 2237
311 860 861 1631 1976
25 573 862 1633 1863
1 863 864 1634 2445
573 859 865 1635 1880
157 464 866 1636 2013
213 867 868 1564 2628
869 870 871 1569 2352
821 872 873 1483 1555
823 840 874 1575 2584
742 875 876 1475 1637
96 471 877 1638 2266
648 865 875 1583 1639
353 878 879 1584 1640
2 880 881 1463 1641
882 883 884 1464 1642
397 885 886 1465 1643
887 888 889 1466 1644
117 257 890 1468 1645
117 727 885 1470 1556
358 891 892 1471 1646
666 893 894 1472 1647
691 895 896 1474 1648
129 897 898 1476 1650
490 861 899 1477 1651
294 896 898 1478 1554
92 900 901 1479 1652
739 902 903 1480 1653
866 904 905 1482 1654
335 478 906 1484 1655
59 727 904 1485 1656
541 761 907 1486 1657
313 908 909 1487 1658
51 666 910 1489 1659
506 911 912 1490 1660
609 906 913 1491 1661
914 915 916 1492 1573
212 708 917 1493 1662
51 873 915 1494 1550
325 918 919 1495 1663
364 835 862 1503 1670
883 920 921 1504 1671
922 923 924 1505 1549
292 458 925 1506 1672
873 921 926 1507 1673
624 927 928 1508 1674
891 929 930 1511 1676
256 931 932 1512 1677
307 436 728 1513 1678
707 933 934 1514 1679
506 845 935 1515 1680
930 934 936 1516 1681
37 668 737 1518 1551
354 937 938 1519 1552
783 872 939 1520 1553
89 314 340 1522 1682
718 798 940 1523 1683
5 629 941 1524 1684
524 936 940 1525 1686
679 942 943 1526 1687
32 725 944 1529 2070
560 945 946 1530 2065
211 569 923 1531 2419
286 947 948 1532 2451
341 929 949 1533 1868
32 310 947 1534 1917
829 915 950 1536 2118
747 803 951 1537 2586
280 952 953 1539 1739
422 512 954 1540 2153
217 953 955 1541 1978
278 956 957 1542 2326
913 958 959 1543 1853
815 960 961 1544 1854
821 901 962 1545 2087
493 516 937 1546 2514
310 635 792 1547 2515
50 963 964 1557 2610
514 831 965 1558 2611
258 868 966 1559 2417
45 194 967 1560 1723
241 589 942 1561 1870
315 867 968 1562 2399
175 253 969 1563 1888
139 970 971 1565 2329
356 972 973 1574 2001
314 438 481 1577 1846
895 974 975 1578 1847
633 668 838 1579 2460
874 975 976 1580 2551
158 977 978 1581 2020
63 979 980 1582 2246
327 901 981 1584 2009
245 611 729 1588 1948
518 678 976 1589 2033
982 983 984 1590 2632
6 970 985 1591 2074
938 986 987 1593 2273
979 988 989 1594 1709
162 243 889 1595 1749
458 773 990 1596 1750
37 260 302 1597 2312
156 986 990 1572 1855
714 991 992 1598 2278
249 351 993 1599 1891
750 763 994 1600 1944
850 995 996 1601 1869
595 693 997 1602 1945
328 995 998 1570 1947
181 239 480 1604 1948
332 669 999 1605 2378
453 665 1000 1606 2379
597 684 1001 1607 2265
533 1002 1003 1535 1739
99 739 1004 1609 1740
43 616 1005 1610 2330
162 496 1006 1611 1748
393 993 1007 1528 2331
2 423 776 1612 2329
256 1003 1008 1613 1704
675 981 1009 1614 2327
428 1010 1011 1615 2054
384 1007 1009 1568 2055
433 846 1012 1620 2194
696 918 1013 1566 2307
112 892 1014 1622 2440
30 285 502 1623 2441
774 1015 1016 1567 2544
415 544 1017 1625 2209
85 299 961 1627 2342
286 927 993 1628 2321
262 951 1018 1629 2067
500 795 991 1630 2129
322 343 457 1631 1724
519 876 1019 1632 2495
34 794 1020 1633 2524
130 839 1021 1564 2214
1022 1023 1024 1569 2344
474 1025 1026 1555 1736
692 1002 1027 1575 1717
133 359 504 1637 2206
40 603 805 1638 2325
970 1028 1029 1641 2227
121 306 1030 1643 2381
144 984 1031 1644 2616
184 898 1032 1645 2527
184 1030 1033 1556 1814
920 1034 1035 1648 2560
836 1036 1037 1649 2319
272 296 1038 1650 2238
343 620 1039 1651 1836
296 446 1035 1554 1813
174 690 878 1652 2257
1040 1041 1042 1653 2084
471 796 1043 1654 2085
83 1033 1043 1656 1872
1044 1045 1046 1657 2086
459 470 662 1658 1982
59 75 1047 1659 1983
722 849 1048 1660 1752
197 1049 1050 1661 2320
199 497 1051 1573 1940
75 497 1026 1550 1809
123 703 787 1663 2025
643 869 1052 1665 2361
233 1053 1054 1666 2373
95 972 1055 1667 2374
67 1052 1055 1548 1807
115 853 1056 1669 1966
866 1011 1020 1670 2589
73 781 1057 1671 2587
945 1058 1059 1549 1808
147 444 588 1672 2419
781 834 1026 1673 2430
103 648 1060 1674 2317
227 1061 1062 1675 1772
100 1063 1064 1676 1768
53 826 897 1677 1782
455 562 1065 1678 1783
935 1066 1067 1679 1784
392 1048 1068 1680 1755
1064 1067 1069 1681 1738
62 313 1070 1551 1810
125 491 852 1552 1811
414 1025 1071 1553 1812
460 719 1072 1682 1725
342 943 979 1683 1714
8 1073 1074 1684 1737
350 1075 1076 1685 1700
342 906 1069 1686 1703
743 1077 1078 1687 1693
403 550 1079 1527 2340
12 819 1080 1529 2186
832 1081 1082 1530 2110
630 912 1059 1531 2111
105 1083 1084 1532 2112
1063 1085 1086 1533 1766
456 1080 1083 1534 1815
853 991 1087 1537 2163
558 716 1088 1538 2076
138 807 1089 1540 2164
483 716 1090 1541 1951
430 1091 1092 1542 2165
760 1050 1093 1543 2166
412 1094 1095 1544 1762
474 878 1096 1545 2631
491 622 997 1546 2464
456 880 1097 1547 2563
287 493 538 1557 1829
776 1098 1099 1558 2439
88 258 1100 1560 2315
924 1077 1101 1561 2356
236 645 1102 1563 2213
318 856 1103 1565 1986
1062 1104 1105 1574 1941
405 465 1106 1576 2427
1034 1107 1108 1578 2354
1027 1108 1109 1580 2457
136 221 948 1581 2635
997 1099 1110 1585 2109
109 557 637 1586 2542
224 503 1111 1587 2006
297 1112 1113 1588 1991
919 1109 1111 1589 1933
291 1114 1115 1590 2609
457 1114 1116 1688 1711
479 871 1078 1689 1712
779 1117 1118 1690 1946
300 799 1102 1691 2507
140 743 1119 1692 2474
205 1120 1121 1694 2252
247 988 1122 1695 2623
234 1123 1124 1696 2261
542 985 1076 1697 1806
560 693 1125 1698 2435
1126 1127 1128 1699 1899
68 695 1129 1702 2214
68 327 1077 1705 2601
120 818 1130 1706 1941
753 1096 1102 1708 2401
3 715 1058 1710 2316
311 982 1008 1711 2272
943 1131 1132 1712 2549
372 1018 1133 1713 2216
324 481 775 1715 2538
170 1125 1134 1716 2431
402 613 804 1722 2180
39 1089 1135 1723 2181
109 874 987 1727 2182
854 988 1040 1728 2479
244 733 1136 1729 2480
1031 1120 1137 1730 2183
209 359 411 1731 2071
42 966 1138 1732 2207
97 966 1031 1734 1790
283 589 602 1735 1982
204 698 1139 1709 1741
365 454 1140 1743 2381
7 1081 1141 1744 1808
724 759 1142 1745 1981
538 1143 1144 1747 2434
176 1068 1145 1753 2567
209 592 1146 1754 2171
150 1147 1148 1756 2172
726 899 1149 1757 2382
602 1022 1150 1758 1992
439 704 1151 1759 2360
107 889 1022 1760 2361
552 741 958 1761 2362
100 623 1108 1763 1823
136 1151 1152 1765 2148
473 766 864 1767 2292
428 559 1153 1769 2293
467 1018 1138 1770 1986
268 1142 1154 1771 1984
390 689 1098 1773 2249
268 1064 1093 1774 2250
515 1155 1156 1775 2211
773 1157 1158 1776 2449
407 673 890 1778 2140
863 1159 1160 1779 2060
612 784 1161 1715 1780
723 1158 1160 1781 1926
200 413 444 1785 1975
207 879 1118 1786 1999
11 245 1162 1787 2000
207 723 824 1788 1906
72 751 887 1790 2621
522 939 1091 1791 1938
472 831 1061 1792 1939
445 1023 1157 1794 2190
72 238 410 1795 2555
753 1063 1163 1796 2370
541 1120 1164 1797 2080
270 376 507 1798 2415
477 507 1015 1800 2200
374 1107 1165 1801 2201
513 1152 1166 1801 1802
1128 1167 1168 1758 1803
1034 1069 1148 1804 2011
4 410 605 1767 1806
826 983 1134 1818 1957
533 771 1169 1819 1958
250 1042 1170 1820 1959
49 111 1171 1821 1968
431 1148 1172 1822 2380
494 891 975 1823 1852
837 947 1169 1824 2287
1005 1115 1173 1818 1825
145 462 1112 2105 2171
844 1046 1136 2336 2630
216 976 1076 2483 2575
348 830 1174 2073 2215
36 1044 1175 2256 2383
702 1176 1177 2202 2457
229 511 877 1833 2518
1053 1103 1168 2222 2618
197 1178 1179 1703 1885
515 651 1180 1798 2100
153 737 794 1950 2268
718 990 1045 2324 2549
142 1181 1182 2330 2624
283 644 1183 2128 2423
445 1174 1184 2176 2592
325 1019 1162 1996 2455
215 1185 1186 1997 2360
1040 1055 1135 1998 2375
626 1154 1187 1809 1877
176 1097 1188 2270 2537
462 1189 1190 1729 2062
1043 1085 1190 2456 2610
545 877 1191 1762 2081
231 1173 1192 1716 2031
167 683 1176 1763 2082
167 406 1193 1768 1873
331 555 815 1769 2083
23 1194 1195 1771 1917
528 835 1172 1773 1850
501 1193 1195 1774 2088
1110 1196 1197 1775 2089
8 805 1198 1970 2424
102 656 712 2264 2570
455 463 833 2343 2571
382 450 1199 2149 2294
4 583 811 2295 2385
393 484 1200 2215 2520
503 999 1049 2004 2620
985 996 1201 2385 2558
28 246 780 2484 2574
101 128 960 2204 2440
309 1202 1203 1861 2522
714 1204 1205 1742 2068
121 450 1206 1918 2636
543 1207 1208 1971 2382
855 978 1194 2318 2451
210 600 1029 2410 2452
1057 1209 1210 2237 2560
407 417 1092 2155 2412
262 1030 1074 2161 2490
1056 1147 1211 2578 2633
303 1188 1212 2294 2416
454 864 1213 2295 2422
147 216 1214 2447 2617
14 376 1145 1965 2211
823 1213 1214 1909 2357
466 836 1215 2156 2262
73 791 1216 1889 2536
809 865 912 2232 2267
306 1184 1217 2422 2468
1166 1176 1209 2119 2354
391 624 1218 2145 2502
279 748 973 2091 2577
578 843 1218 2231 2489
248 848 1140 1814 1882
12 1033 1219 1826 2157
198 629 885 2161 2452
829 1065 1200 2162 2562
95 534 1065 1827 2078
132 887 1220 2183 2253
1106 1211 1221 2184 2254
672 881 1125 2461 2585
755 965 1222 2169 2509
56 972 1122 1871 2626
652 1113 1223 1910 2475
367 932 1079 1957 2025
186 619 903 1959 2021
9 903 1105 1920 2030
405 1084 1224 1961 2635
435 1188 1225 1820 1962
959 1206 1219 1963 2573
141 939 1082 1805 1964
772 1226 1227 1965 2467
447 1151 1228 1919 2482
48 1229 1230 1849 2604
115 431 1105 1967 2577
778 911 1231 1969 2035
1171 1224 1232 1701 1828
5 96 520 1856 1970
411 1115 1230 1971 2133
261 639 1233 1973 2320
126 447 1171 1916 2569
427 706 928 1974 2614
292 1082 1192 1698 1975
633 656 1121 1976 2206
55 734 1234 1977 2319
15 425 449 1863 2238
691 880 1235 1915 2258
735 987 1224 1979 2638
416 894 1024 1980 2421
77 535 627 1831 1981
379 852 916 1985 2269
700 1236 1237 1737 1868
224 1228 1238 1911 2602
952 996 1229 1843 2387
206 344 899 1844 2384
254 686 1239 1987 2478
13 321 1240 1988 2099
886 918 999 1989 2619
616 956 1241 1990 2597
287 350 1242 1846 2545
93 689 926 1702 1830
322 883 1223 1889 2418
470 869 1243 1835 1992
252 263 1197 1993 2476
29 888 1146 1994 2093
539 916 1032 1778 1995
363 676 1244 1996 2056
513 565 902 1998 2580
663 1185 1245 1747 1934
181 1244 1246 1897 2000
223 1247 1248 1898 1926
87 566 789 2001 2404
526 938 1249 2002 2622
695 1047 1233 2003 2178
650 847 1250 2005 2077
326 946 1251 1803 2007
926 1202 1252 2003 2008
658 833 1006 2009 2305
788 1253 1254 2010 2290
895 936 1255 2011 2075
884 1202 1254 1973 2012
102 231 1145 1907 2408
1161 1184 1238 1878 1909
17 494 1011 1850 2015
366 884 1008 2016 2583
118 909 1143 2017 2348
341 1066 1256 1903 2018
553 699 1058 2019 2598
680 752 1252 2020 2539
118 488 661 2021 2359
223 911 1257 2022 2124
535 958 992 1722 2023
625 640 1258 1777 2026
725 1203 1246 2027 2510
1038 1227 1259 2028 2612
263 626 1228 1940 2029
6 661 973 1733 2030
114 736 1260 1897 2627
189 351 1237 1892 2424
110 412 1261 1912 2083
171 593 1072 1913 2541
664 1236 1262 1914 2152
395 606 1187 1736 1881
304 1178 1193 1738 1876
330 688 1263 1927 2578
921 952 1177 1717 2032
259 380 768 1718 2033
65 155 1264 2034 2228
238 324 1177 1866 2037
551 1189 1265 1943 2038
273 587 1266 1688 2039
610 1024 1267 1689 2040
476 1169 1206 1690 2041
335 989 1268 1691 2042
52 134 544 1692 2043
134 1267 1269 1693 1886
269 860 1270 1694 2044
452 944 1139 1695 2045
575 732 1259 1696 2046
316 1175 1271 1697 2047
808 946 1272 1699 2048
280 897 1116 1704 2049
93 879 1269 1705 2050
347 379 800 1707 2052
680 1268 1273 1708 2053
510 767 1256 1713 1932
698 1078 1179 1714 1884
266 1049 1274 1719 2057
259 574 735 1720 1883
587 791 1275 1724 2059
1179 1247 1275 1726 2060
177 1027 1276 1727 1866
961 1139 1277 1728 2061
290 843 1270 1730 2063
131 290 1204 1734 2064
434 924 1128 1735 2065
41 1041 1205 1740 2066
583 1278 1279 1743 2069
23 1122 1280 1745 2070
145 813 875 1746 2071
588 687 1132 1750 2072
646 683 1281 1751 2073
653 709 755 1752 2075
237 1155 1282 1753 1860
657 937 1283 1754 1921
530 653 1282 1755 1847
18 214 1263 1756 1922
1039 1219 1284 1757 2077
144 175 1167 1760 2079
132 409 760 1761 2080
339 403 1214 1780 2090
686 789 1222 1781 2091
77 272 1005 1782 1874
141 584 816 1783 1837
304 1068 1285 1784 1875
275 476 1286 1786 2092
20 642 1112 1787 2093
1003 1222 1286 1788 2094
694 775 1287 1789 2095
570 685 820 1794 1841
97 542 777 1795 2097
406 738 1273 1796 2098
1044 1203 1270 1797 2099
375 761 1080 1799 2101
608 968 1180 1800 2102
394 1135 1239 1802 2103
18 1178 1209 1804 2104
86 459 717 1810 1870
368 395 1211 1812 1879
449 571 1210 1813 1880
203 754 953 1819 2107
127 1143 1288 1821 2108
203 736 1083 1824 1896
346 1181 1208 1825 2113
53 402 499 1831 2125
417 451 1282 1834 1875
30 745 908 1835 2135
432 620 1000 1838 2393
301 489 705 1839 1937
436 558 827 1840 2345
60 551 977 1845 2508
7 355 667 1848 2019
613 671 1289 1853 2160
559 854 1014 1854 2194
71 381 715 1856 2517
123 927 1183 1857 2307
665 960 1290 1858 2444
185 398 1168 1859 2411
501 1164 1233 1861 2166
229 713 1114 1862 2332
948 1004 1010 1864 2333
74 601 1116 1865 2016
539 547 752 1867 2412
567 690 697 1887 2349
107 189 1087 1888 2512
316 1088 1109 1890 2575
169 861 940 1893 2264
799 1073 1260 1894 2168
160 230 1196 1898 2275
119 933 1046 1900 2367
933 1133 1237 1903 1956
98 146 1291 1904 2536
1131 1240 1292 1923 2086
148 330 1293 1925 2184
183 1123 1234 1930 2313
353 708 1294 1931 2327
700 1140 1231 1935 2490
584 593 981 1936 2343
338 688 1141 1937 2477
382 561 956 1938 1962
355 582 1250 1939 2432
429 778 801 1942 1993
396 1208 1266 1952 2609
998 1090 1153 1953 2437
16 388 1265 1954 2046
670 862 1156 1955 2131
1042 1130 1133 1920 2334
468 759 1230 1960 2174
537 1264 1295 1961 2126
201 847 1093 1963 2150
201 365 579 1918 2212
625 1207 1296 1849 2553
19 182 1130 1967 2484
69 1288 1295 1828 2371
473 785 1287 1972 2425
401 1287 1288 1916 2347
554 707 1060 1974 2322
54 386 1297 1869 2426
920 1028 1157 1915 2429
676 1276 1295 1979 2462
83 1154 1252 1983 2318
161 774 1051 1985 2602
482 1296 1297 1843 2160
270 730 1039 1844 2143
498 598 748 1987 2196
22 649 790 1988 2304
1091 1124 1182 1990 2210
438 622 1185 1829 2506
320 333 1146 1991 2144
320 636 1216 1910 2505
984 1144 1283 1994 2339
295 1051 1186 1995 2482
122 632 639 2004 2583
617 667 674 1905 2550
825 834 978 2008 2333
169 347 1155 1907 2275
749 757 1071 1908 2633
601 1134 1279 2014 2591
957 1086 1285 2018 2155
634 888 1079 2024 2632
303 886 1117 2026 2636
383 1198 1298 1901 2588
178 387 545 1912 2224
232 354 673 1913 2269
904 949 1136 1914 2456
159 329 1299 1881 2187
308 451 1300 1876 2188
301 1215 1220 1927 2159
426 922 980 2039 2598
338 740 1301 2040 2599
205 274 1301 1886 2291
164 581 819 2045 2179
763 832 1221 2048 2470
261 1159 1300 1885 2290
910 957 962 1932 2282
165 1159 1267 1884 2289
555 802 1302 2054 2596
523 1212 1294 2055 2615
333 489 950 2058 2487
863 922 1291 2059 2316
164 1095 1241 2061 2175
377 592 964 2062 2514
321 442 846 2063 2298
442 900 1303 2064 2349
767 1087 1231 2067 2529
486 941 1303 2068 2530
954 1163 1201 2069 2377
479 749 923 2072 2458
9 856 1271 2074 2216
679 814 1304 2076 2474
521 974 1196 1860 2572
27 1220 1232 1922 2420
151 228 308 1873 2284
485 1225 1277 2084 2597
603 963 986 2085 2545
848 855 963 1872 2283
801 1235 1248 2089 2449
536 950 1305 2090 2604
425 1142 1181 1874 2151
352 415 998 1837 2285
152 925 1161 2095 2617
187 971 1075 2096 2243
404 1113 1298 1924 2244
747 809 1001 1841 2235
404 1175 1204 2097 2193
635 654 1110 2100 2258
514 682 1045 2101 2259
654 840 1274 2102 2192
498 532 967 2103 2218
27 858 1300 2104 2141
779 1194 1299 1877 2287
285 448 1278 1882 2288
757 1255 1273 2106 2172
154 240 663 2108 2189
293 870 1235 2109 2190
849 1141 1306 2111 2136
172 681 1264 2112 2130
267 681 1244 1896 2122
24 994 1149 2113 2116
816 955 1307 1827 2437
276 433 1307 1832 2293
547 580 974 1834 2201
650 1217 1275 1836 2445
557 764 1217 1838 2292
46 337 934 1839 2442
43 562 814 1840 2234
36 475 1012 1842 2236
10 907 1061 1848 2367
124 731 1127 1851 2369
219 1132 1242 1855 2167
103 367 720 1857 2431
71 905 1094 1858 2266
249 307 1251 1859 2571
38 798 1266 1862 2246
41 1084 1302 1864 2228
99 273 1126 1865 2229
977 1165 1186 1867 2148
80 944 1104 1871 2637
371 702 1304 1890 2245
104 340 463 1891 2541
989 1236 1246 1894 2608
388 594 1308 1895 2622
187 1066 1292 1900 2120
157 378 1016 1902 2459
649 871 1309 1923 2421
212 841 1215 1925 2397
38 289 1247 1928 2579
247 362 1259 1930 2277
360 765 845 1931 2230
770 929 1278 1935 2370
674 868 1257 1944 2531
54 1118 1310 1947 2413
352 472 1201 1949 2465
217 711 1070 1950 2388
305 980 1149 1952 2115
331 655 1310 1953 2302
47 469 1283 2114 2144
537 595 1293 2117 2427
339 590 1054 2118 2428
925 1216 1221 2121 2606
64 730 1013 2123 2523
160 264 994 2124 2590
349 782 931 2125 2202
11 204 949 2127 2608
662 1013 1265 2128 2463
390 1190 1292 2132 2630
536 813 983 2133 2340
104 531 1212 2134 2331
21 669 682 2135 2186
645 1072 1086 2140 2593
495 631 1311 2145 2397
617 697 1073 2152 2530
265 373 1279 2153 2212
66 1144 1243 2154 2398
568 1009 1308 2158 2438
758 941 1312 2168 2278
520 744 857 2177 2391
839 910 1050 2178 2566
220 517 769 2182 2459
113 282 1313 2126 2197
269 427 488 2198 2291
369 851 1310 2200 2285
439 1021 1232 2203 2351
585 751 1103 2207 2300
241 893 1106 2208 2469
211 1088 1305 2217 2447
604 851 1314 2219 2465
1271 1297 1314 2220 2558
298 995 1036 2221 2481
133 387 608 2223 2433
672 1062 1227 2225 2466
57 574 1191 2226 2561
326 487 1001 2233 2276
127 660 919 2239 2613
443 657 1286 2240 2286
630 1229 1304 2217 2247
88 142 928 2248 2436
844 965 1129 2249 2392
76 930 959 2250 2406
641 741 1263 2253 2363
84 1071 1272 2254 2405
596 734 1311 2156 2255
173 1100 1241 2261 2471
108 792 1170 2270 2516
13 137 825 2271 2522
740 820 1167 2276 2344
16 452 876 2277 2279
239 344 525 2224 2280
14 120 914 2225 2281
349 858 1239 2119 2296
870 971 1172 2297 2439
646 872 1165 2138 2299
509 931 1119 2245 2301
1000 1249 1294 2158 2303
163 1032 1308 2519 2576
628 713 1312 2129 2498
392 785 1016 2230 2526
337 1137 1311 2159 2489
500 1253 1315 2141 2353
614 1147 1316 2142 2363
125 1242 1276 2273 2538
31 894 1290 2304 2543
293 621 1281 2464 2592
907 917 1262 2336 2550
842 945 1269 2356 2386
206 369 1226 2209 2415
334 893 1095 2342 2561
288 580 1253 2188 2355
17 318 1023 2297 2443
570 1200 1213 2176 2493
951 1052 1198 2177 2512
426 808 1205 2229 2525
528 964 1309 2132 2454
319 370 1303 2193 2350
281 490 568 2240 2393
391 1074 1306 2241 2394
1119 1296 1306 2247 2376
1017 1060 1317 2248 2467
122 277 908 2378 2629
728 1054 1174 2554 2562
225 295 1249 2569 2576
804 1010 1187 2430 2625
190 1158 1166 2338 2478
22 585 1004 2271 2486
422 637 1316 2185 2513
323 651 1195 2195 2515
294 841 1313 2117 2396
139 563 1150 2328 2618
477 742 1261 2302 2433
1047 1092 1096 2282 2539
227 788 1301 2289 2359
437 572 1163 2288 2358
564 704 1281 2506 2554
44 274 1081 2386 2614
363 896 1218 2255 2532
149 1053 1070 2403 2564
33 1189 1226 2368 2546
129 1123 1317 2315 2612
942 1006 1021 2559 2601
828 1138 1251 2222 2305
510 867 913 2400 2566
55 232 786 2500 2547
61 370 1240 2256 2533
24 733 1017 2368 2624
955 1037 1313 2137 2308
567 790 1014 2298 2444
954 1126 1173 2446 2591
39 827 842 2448 2634
69 1137 1315 2389 2420
505 892 1210 2323 2594
423 437 1243 2328 2441
1007 1170 1258 2416 2492
255 1089 1111 2139 2309
1107 1248 1298 2338 2572
478 765 1199 2409 2615
130 721 917 2392 2531
218 284 1318 2189 2345
408 684 1315 2191 2346
811 1002 1305 2357 2387
504 581 670 2279 2460
770 962 969 2401 2529
345 732 909 2463 2511
780 1225 1256 2326 2334
356 719 1317 2314 2466
106 967 1277 2375 2471
57 1101 1293 2208 2414
430 540 577 2372 2472
60 783 1127 2173 2405
52 701 1289 2376 2406
173 818 1153 2473 2565
638 731 860 2418 2521
188 199 1156 2281 2476
610 1056 1059 2458 2477
797 902 1012 2479 2557
180 1182 1262 2453 2480
531 615 810 2481 2520
91 1150 1245 2154 2411
152 605 768 2425 2483
900 1038 1129 2251 2485
20 166 1085 2127 2488
278 336 408 2372 2574
932 1041 1318 2390 2528
381 586 1028 2391 2563
372 671 1319 2220 2400
578 1067 1258 2442 2491
434 720 812 2423 2435
453 699 1284 2115 2432
33 1257 1284 2116 2366
251 1285 1309 2120 2494
710 1162 1316 2122 2365
89 652 1183 2123 2496
838 1020 1197 2131 2499
171 1036 1199 2134 2500
522 579 786 2149 2504
385 969 1312 2163 2507
1164 1260 1280 2170 2510
599 1207 1280 2174 2341
226 1124 1191 2175 2511
323 554 619 2198 2516
1097 1290 1291 2199 2517
168 242 1094 2204 2518
576 890 1268 2213 2519
116 1037 1100 2218 2313
1015 1075 1319 2219 2399
525 1121 1274 2223 2521
745 1099 1131 2259 2352
466 1048 1180 2260 2534
277 575 1261 2263 2535
830 1025 1152 2299 2540
168 795 982 2332 2568
914 1029 1192 2337 2585
279 1098 1255 2380 2509
738 807 1314 2377 2402
63 441 1160 2404 2579
146 469 881 2410 2505
419 1090 1234 2308 2552
101 634 859 2323 2568
108 772 935 2322 2567
582 764 905 2379 2605
374 440 659 2355 2580
628 659 756 2353 2557
375 721 1250 2366 2611
291 492 1245 2339 2600
138 641 882 2513 2621
694 1223 1272 2369 2606
647 1019 1035 2532 2594
177 766 882 2542 2555
111 678 1254 2306 2613
106 1104 1307 2374 2565
149 750 1319 2402 2628
685 857 1057 2429 2586
213 717 828 2559 2564
726 1117 1289 2553 2573
769 968 1238 2544 2584
992 1299 1302 2595 2625
519 609 817 2556 2620
183 724 797 2548 2623
511 1101 1318 2607 2634
640 677 817 2581 2619
155 758 837 2595 2627
