1 2 35 353 402 406
0 3 6 371 449 452
7 10 103 336 396 506
1 5 8 336 490 492
6 9 102 336 643 658
3 11 20 337 580 581
4 12 21 337 414 543
2 13 22 337 444 588
23 32 239 338 462 623
24 33 240 338 601 607
25 34 97 338 412 500
5 17 26 339 424 467
6 18 27 339 419 514
7 19 28 339 484 544
20 29 114 340 393 586
21 30 214 340 425 521
22 31 238 340 431 641
11 35 60 341 502 522
12 36 61 341 428 518
13 37 62 341 476 646
14 38 63 342 441 624
15 39 64 342 523 595
16 40 65 342 528 539
8 41 66 343 498 561
9 42 67 343 568 634
10 43 68 343 458 586
69 73 247 344 483 552
70 95 186 344 454 464
42 71 289 344 578 597
72 96 270 345 381 653
73 97 177 345 451 568
69 74 98 345 377 571
75 99 232 346 549 666
43 76 100 346 355 470
77 101 233 346 512 635
0 17 78 347 363 386
18 53 79 347 526 593
19 54 80 347 461 667
20 55 81 348 470 481
21 56 82 348 596 630
22 35 57 348 465 540
23 58 83 349 473 585
24 59 84 349 368 656
25 33 85 349 433 624
60 86 161 350 444 611
61 87 127 350 397 573
62 88 224 350 495 511
63 89 272 351 436 535
64 90 324 351 544 617
65 91 136 351 401 496
66 92 166 352 446 546
55 67 93 352 372 541
68 94 248 352 484 570
36 102 160 353 599 609
37 103 161 353 497 615
38 51 162 354 505 574
39 72 104 354 549 552
40 45 105 354 436 567
41 106 150 355 507 622
42 107 163 355 411 669
44 108 164 356 484 637
45 109 165 356 445 475
46 79 166 356 560 583
47 110 167 357 532 644
48 111 168 357 640 646
49 112 169 357 448 584
50 113 170 358 487 612
49 51 114 358 389 466
52 115 171 358 476 653
26 31 172 359 576 649
0 27 116 359 493 499
28 117 173 359 417 620
29 118 125 360 397 665
30 119 174 360 368 491
31 120 175 360 394 642
32 121 153 361 604 648
33 122 176 361 373 505
34 123 177 361 591 658
178 187 307 362 428 431
62 150 188 362 374 382
168 179 189 362 447 471
180 229 261 363 494 555
16 181 206 363 517 527
118 182 207 364 518 558
119 183 334 364 435 670
120 165 319 364 383 644
184 230 323 365 539 647
185 211 231 365 501 630
147 186 245 365 473 482
187 232 306 366 573 649
43 188 292 366 581 597
189 233 278 366 505 631
139 178 190 367 540 599
150 175 226 367 387 415
179 191 234 367 578 588
192 209 235 368 519 551
57 121 193 369 423 474
10 47 122 369 439 466
123 194 236 369 419 603
124 195 291 370 580 665
129 196 237 370 398 555
157 197 327 370 639 668
4 53 198 371 534 635
2 54 199 371 380 471
56 144 200 372 648 649
57 145 196 372 532 652
58 146 201 373 464 617
59 147 202 373 457 657
60 148 203 374 476 662
61 71 149 374 485 509
63 151 204 375 553 559
64 152 205 375 605 667
65 153 206 375 388 489
1 66 154 376 577 638
14 67 102 376 438 500
68 103 155 376 461 665
70 156 207 377 536 582
12 71 132 377 516 660
72 157 183 378 445 663
73 158 208 378 411 460
74 159 209 378 425 442
75 96 210 379 547 633
76 97 140 379 390 541
77 98 211 379 543 564
155 160 212 380 437 441
135 140 161 380 403 501
162 213 269 381 613 650
45 174 214 381 450 531
163 171 215 382 448 508
11 100 203 382 516 569
15 164 205 383 488 517
166 216 244 383 481 563
117 167 217 384 394 555
168 218 264 384 495 667
169 219 288 384 551 577
170 220 279 385 422 636
49 221 280 385 460 550
171 222 225 385 511 633
18 172 297 386 585 589
173 223 237 386 434 533
125 148 224 387 421 497
149 174 225 387 510 627
176 227 277 388 504 613
177 228 230 388 483 529
104 214 296 389 547 571
105 158 238 389 553 668
54 106 239 390 499 640
107 155 240 390 432 558
108 140 242 391 461 655
23 109 141 391 477 590
79 93 297 391 398 405
110 184 241 392 557 562
111 185 242 392 462 615
112 186 243 392 404 579
113 126 244 393 538 619
115 124 127 393 497 663
116 245 287 394 621 623
70 118 246 395 437 485
119 230 298 395 457 496
120 146 247 395 482 523
124 248 295 396 481 533
44 114 125 396 450 587
126 249 276 397 478 654
17 128 200 398 489 589
130 250 299 399 578 592
85 251 300 399 407 559
50 131 301 399 574 651
132 218 293 400 442 628
80 133 302 400 583 615
134 142 205 400 542 619
76 135 252 401 520 661
55 128 137 401 474 560
138 179 253 402 622 626
139 254 284 402 530 565
127 136 141 403 435 463
93 137 224 403 410 486
142 255 303 404 416 478
30 58 143 404 576 601
78 92 128 405 526 528
80 94 193 405 488 506
3 81 219 406 566 628
4 82 256 406 592 600
83 109 257 407 593 639
84 258 260 407 420 531
37 86 236 408 465 664
87 115 259 408 549 587
27 88 148 408 507 575
89 260 304 409 475 571
90 261 285 409 417 424
91 141 262 409 541 556
46 92 263 410 534 567
94 264 305 410 544 620
95 112 204 411 542 594
96 255 265 412 508 521
98 249 266 412 518 632
99 237 306 413 467 663
100 217 292 413 415 628
101 229 278 413 545 607
159 263 307 414 495 668
308 313 335 414 422 556
163 287 289 415 579 626
215 282 293 416 551 581
302 309 314 416 546 611
129 248 305 417 560 602
50 192 231 418 457 610
51 130 169 418 447 608
52 82 215 418 430 522
83 259 322 419 625 657
252 261 310 420 489 548
95 262 332 420 537 568
263 276 315 421 600 645
87 264 312 421 595 606
180 236 311 422 493 532
294 312 329 423 582 662
15 144 190 423 438 642
143 201 206 424 515 542
24 260 313 425 494 590
121 196 226 426 459 486
122 167 289 426 447 482
123 180 292 426 452 479
282 291 295 427 566 586
129 223 314 427 526 548
303 321 327 427 473 645
221 274 308 428 572 614
46 175 238 429 450 456
137 151 287 429 472 604
217 305 328 429 434 524
254 309 315 430 638 662
255 267 270 430 491 591
144 197 234 431 459 634
143 154 158 432 443 584
14 204 316 432 517 636
32 130 265 433 626 630
34 131 266 433 478 609
229 252 317 434 528 656
267 306 313 435 479 596
184 212 258 436 454 659
139 195 294 437 459 502
16 145 318 438 545 562
8 146 319 439 536 605
9 147 286 439 529 639
116 151 283 440 641 650
152 284 320 440 471 498
153 239 280 440 451 616
105 131 154 441 608 645
88 156 288 442 561 606
157 285 321 443 477 533
26 159 315 443 575 596
52 160 283 444 565 574
162 182 286 445 512 671
164 288 317 446 620 629
40 165 275 446 453 557
170 192 208 448 572 670
5 172 290 449 617 666
7 173 291 449 570 602
176 228 240 451 512 515
181 293 322 452 469 629
38 182 273 453 607 609
39 183 274 453 519 573
185 294 310 454 611 648
187 191 216 455 509 642
13 81 188 455 516 522
48 189 295 455 466 618
190 197 198 456 643 652
133 191 307 456 646 660
19 193 232 458 589 595
108 194 233 458 593 613
228 296 323 460 527 564
56 297 330 462 467 474
126 272 304 463 557 632
29 285 324 463 570 576
134 298 303 464 598 651
36 47 283 465 550 671
145 257 299 468 634 635
110 258 300 468 475 594
251 301 311 468 487 650
210 302 325 469 501 563
142 296 326 469 584 632
91 132 282 470 513 598
135 251 331 472 610 659
136 243 269 472 480 491
245 286 304 477 564 644
220 278 281 479 525 624
241 272 277 480 539 654
194 242 324 480 506 585
246 270 280 483 510 565
69 249 281 485 535 591
200 225 330 486 616 666
134 250 308 487 537 660
28 218 312 488 524 575
152 253 330 490 604 640
99 254 268 490 569 653
90 156 219 492 513 524
201 256 333 492 504 537
181 213 259 493 547 637
220 262 273 494 500 614
267 277 335 496 600 603
138 268 309 498 502 508
53 271 320 499 546 631
273 322 332 503 656 658
250 274 325 503 509 610
256 275 326 503 577 654
113 202 276 504 587 651
149 222 271 507 525 563
269 279 281 510 559 603
41 203 226 511 530 597
74 89 235 513 531 552
78 198 271 514 545 583
106 199 223 514 520 618
202 227 316 515 612 637
208 247 331 519 579 647
107 212 328 520 553 582
211 213 243 521 621 655
216 235 290 523 566 627
221 246 318 525 599 647
210 227 241 527 538 655
77 231 332 529 592 661
138 234 329 530 540 669
133 314 335 534 598 664
85 104 326 535 608 625
298 333 334 536 556 612
222 275 333 538 561 614
207 265 299 543 554 669
86 117 328 548 606 641
48 178 284 550 588 622
25 300 334 554 590 636
266 301 319 554 619 671
101 195 329 558 569 652
311 323 331 562 572 621
44 317 327 567 602 657
244 268 290 580 605 633
111 279 310 594 616 664
59 209 316 601 629 670
253 320 321 618 623 638
75 84 325 625 627 661
199 257 318 631 643 659
