3 4 5 6 367 432 470 662
7 8 9 10 365 406 636 656
11 12 13 14 348 349 520 661
15 16 17 18 353 424 558 602
16 19 20 21 423 443 481 512
22 23 24 25 377 425 466 524
20 26 27 28 426 501 511 551
14 29 30 31 344 461 465 667
30 32 33 34 421 497 590 649
35 36 37 38 401 422 490 658
33 39 40 41 411 497 512 575
42 43 44 45 341 379 541 641
7 43 46 47 382 384 640 644
5 48 49 50 383 385 413 549
0 23 47 51 343 369 386 642
4 52 53 54 392 476 540 658
0 27 52 55 393 436 567 606
56 57 58 59 394 541 622 659
55 60 61 62 395 472 534 660
0 15 63 64 492 500 538 561
65 66 67 68 362 398 510 568
6 63 69 70 405 471 539 549
27 48 71 72 450 529 542 596
13 27 45 73 350 409 431 545
74 75 76 77 371 411 597 646
38 45 78 79 341 438 451 452
65 71 80 81 402 514 543 656
5 18 78 82 387 484 517 631
22 67 83 84 419 492 513 556
8 75 85 86 366 510 536 588
1 40 85 87 368 453 533 669
87 88 89 90 370 417 538 574
1 29 91 92 343 546 551 628
93 94 95 96 463 519 561 628
10 63 91 97 399 425 450 629
40 98 99 100 391 413 501 512
40 101 102 103 342 439 515 529
104 105 106 107 337 502 536 644
102 108 109 110 358 382 537 559
93 99 111 112 414 453 606 620
9 31 109 113 362 428 479 561
35 95 114 115 352 520 549 629
12 116 117 118 358 452 523 671
2 23 116 119 338 359 563 622
79 120 121 122 360 455 456 535
102 119 123 124 347 359 361 550
2 30 42 125 378 418 648 665
4 89 126 127 366 430 464 629
23 82 128 129 428 462 467 574
101 130 131 132 340 437 501 525
73 128 133 134 463 468 469 496
24 89 135 136 365 429 469 539
3 19 61 137 397 439 556 571
105 138 139 140 482 499 532 644
64 137 141 142 456 483 559 598
72 87 143 144 458 478 557 635
61 145 146 147 485 523 630 637
61 96 122 148 486 520 563 654
43 108 149 150 379 444 486 535
122 151 152 153 353 379 545 550
72 146 154 155 403 487 525 580
17 54 152 156 488 562 603 641
56 144 157 158 489 499 604 626
159 160 161 162 495 542 574 651
21 53 163 164 582 607 617 661
6 22 165 166 416 493 544 590
6 80 167 168 401 442 480 633
169 170 171 172 392 417 424 505
28 167 173 174 407 494 605 639
34 159 166 175 370 377 383 652
65 125 161 176 469 502 522 646
146 166 177 178 504 575 623 643
18 56 179 180 412 506 573 612
25 36 49 181 336 372 416 521
60 78 110 182 414 434 446 454
78 92 183 184 376 519 639 650
136 185 186 187 402 428 435 493
92 160 188 189 340 436 520 635
24 72 189 190 360 449 560 577
74 123 191 192 361 410 459 576
20 115 165 193 342 565 613 667
85 194 195 196 490 503 530 580
13 22 180 197 422 471 598 618
114 169 197 198 432 534 538 572
82 105 171 199 365 533 603 617
7 32 89 183 337 578 616 633
77 193 200 201 351 423 505 665
62 100 202 203 427 531 540 618
100 136 204 205 367 399 431 530
5 14 75 206 346 421 593 651
51 62 156 207 433 532 607 613
69 153 160 208 350 484 496 666
34 86 209 210 355 367 419 640
10 35 162 211 360 406 591 662
10 111 145 212 518 588 589 658
80 148 213 214 336 574 640 666
17 41 145 215 592 621 640 661
93 153 216 217 341 498 573 586
36 113 151 218 402 408 524 606
117 136 162 219 362 480 525 631
31 51 220 221 423 496 513 549
9 98 173 222 356 396 558 631
25 74 223 224 363 374 378 504
38 222 225 226 364 562 570 612
84 88 109 227 343 516 563 649
109 128 164 228 344 616 627 648
137 175 229 230 345 351 430 544
69 164 231 232 344 346 632 650
45 223 227 233 338 384 455 569
37 100 171 232 366 407 546 661
67 104 224 234 408 440 461 554
33 191 211 235 439 526 578 587
15 139 195 236 408 478 531 657
35 101 221 237 354 416 545 662
148 237 238 239 377 388 641 651
113 201 214 240 363 469 586 642
11 46 123 241 347 363 603 637
26 70 195 242 407 577 615 645
125 241 243 244 408 457 459 467
25 108 141 245 349 379 381 581
57 123 212 246 411 444 548 638
153 172 228 247 384 412 477 582
91 237 246 248 338 393 413 581
44 118 248 249 380 381 414 655
79 141 250 251 381 409 415 610
7 81 117 252 454 516 583 599
14 135 253 254 337 447 594 666
0 253 255 256 376 548 586 595
107 257 258 259 370 589 593 599
50 197 200 238 546 590 600 613
73 102 260 261 345 352 402 498
73 262 263 264 355 362 412 434
1 36 263 265 357 509 513 645
80 247 257 261 357 583 591 601
107 130 175 266 337 429 592 597
47 186 206 215 344 547 583 652
189 221 267 268 416 422 426 498
147 250 269 270 374 390 548 596
64 159 271 272 458 563 600 608
64 228 264 273 474 516 604 648
107 120 196 235 365 430 570 630
147 272 274 275 385 455 459 460
138 204 269 276 393 440 474 552
18 30 154 202 419 435 582 605
90 277 278 279 474 487 543 584
57 135 156 174 619 632 644 665
180 234 272 280 508 620 634 645
54 124 138 281 380 444 467 477
41 59 113 282 339 431 622 642
141 152 283 284 381 452 488 576
2 152 285 286 338 559 621 638
173 196 237 284 392 452 504 631
58 119 147 217 347 394 455 655
149 243 248 287 359 395 521 610
1 46 55 179 498 505 532 566
110 171 288 289 396 507 509 578
56 96 206 281 553 648 663 671
90 206 265 290 480 582 600 623
68 94 156 278 579 627 657 664
21 65 91 291 427 431 462 670
21 34 93 185 357 387 618 642
117 225 292 293 593 627 639 643
42 70 185 221 401 412 524 613
138 264 291 294 395 475 541 627
134 140 159 246 368 369 624 663
26 66 177 295 356 626 653 669
180 208 291 296 433 451 463 601
145 158 218 297 502 566 595 614
68 98 115 298 358 473 615 651
28 82 299 300 481 530 540 635
28 198 216 301 364 397 436 531
104 205 228 302 421 482 541 636
84 139 216 248 418 472 483 532
103 218 278 300 404 482 577 660
169 254 297 303 430 514 567 669
178 181 220 232 340 346 371 653
26 213 225 270 566 597 632 635
29 81 193 236 404 479 572 664
194 208 229 287 352 375 434 442
42 60 143 234 364 521 604 664
71 129 194 281 522 537 552 591
130 198 224 262 339 356 376 435
75 190 283 289 372 526 570 579
24 182 285 304 345 518 595 624
77 304 305 306 383 445 567 621
99 116 179 189 342 472 545 626
230 254 263 307 370 503 555 601
131 267 308 309 453 504 542 546
116 193 209 310 352 506 556 641
60 76 162 309 356 413 543 557
74 155 183 311 410 437 491 528
120 249 256 311 374 518 585 647
118 190 242 259 385 396 415 584
92 168 276 295 364 388 538 671
86 112 177 280 391 448 554 566
140 177 219 268 494 513 515 612
29 122 268 312 382 422 481 634
225 280 282 300 536 551 607 626
67 290 299 305 353 367 403 555
2 48 240 302 411 561 624 655
15 280 313 314 389 398 636 669
168 210 218 233 390 418 539 583
31 204 271 315 405 450 555 556
90 310 315 316 476 544 591 598
87 163 220 262 424 448 484 495
187 199 214 227 425 497 550 616
51 76 126 307 368 375 615 670
157 244 277 307 398 458 475 552
97 175 260 317 336 429 449 565
11 77 185 295 336 424 534 622
19 160 200 300 400 426 533 667
39 94 219 266 410 461 558 611
44 96 191 318 519 527 559 625
41 133 165 238 340 618 652 665
168 245 274 319 341 593 610 629
83 148 174 320 369 602 653 667
112 121 264 287 358 390 557 604
39 149 275 285 361 378 485 668
68 169 313 321 478 503 516 646
53 81 112 235 396 417 614 660
88 202 260 267 357 377 436 572
76 99 151 195 398 501 521 529
270 322 323 324 403 491 659 660
38 104 119 325 348 418 444 634
20 155 170 261 354 404 445 453
238 322 325 326 419 650 663 664
58 223 323 327 394 420 630 638
95 245 267 325 350 465 581 628
37 48 84 258 368 465 523 608
52 232 250 317 372 388 447 511
142 320 328 329 373 389 433 481
134 181 235 299 366 375 560 654
88 106 208 269 355 369 376 514
214 292 298 316 349 464 477 652
46 155 302 314 420 515 588 657
164 212 266 305 421 447 491 562
52 194 200 219 354 509 555 605
59 149 255 268 347 397 451 524
95 257 277 282 355 450 670 671
16 127 143 284 371 456 473 639
49 98 311 319 414 597 662 668
192 207 276 310 354 380 508 598
85 125 182 292 468 482 528 594
182 192 217 303 409 489 515 585
230 242 276 298 392 564 584 600
115 124 233 330 359 386 460 666
32 59 69 196 348 428 432 569
128 167 279 331 405 464 522 611
97 121 192 258 349 458 460 525
79 190 212 332 415 438 526 668
54 274 326 332 438 473 517 527
111 127 249 275 372 460 528 585
161 183 242 329 464 579 609 617
191 239 251 296 345 527 579 610
114 127 215 333 346 565 571 633
55 239 275 277 380 390 449 646
16 296 317 323 445 619 654 668
50 130 279 314 399 575 609 615
50 243 247 297 386 427 587 645
134 243 283 310 433 466 490 527
131 170 181 287 342 371 388 557
4 66 110 314 373 391 406 503
49 216 260 271 351 401 449 472
8 154 273 309 399 417 522 554
53 132 271 334 400 407 487 523
37 186 229 273 405 468 572 614
140 198 231 286 343 446 547 659
205 262 312 319 387 406 451 536
151 187 246 321 378 492 529 537
220 230 324 333 400 432 445 623
103 142 295 326 446 478 506 654
139 163 203 327 389 502 573 603
126 166 251 281 468 581 584 587
9 105 132 307 495 530 599 657
124 137 240 249 361 466 585 586
211 253 278 284 415 437 454 477
201 294 324 328 397 420 457 607
62 133 290 335 400 457 493 573
111 167 308 321 509 528 580 608
66 133 158 258 495 594 620 643
129 210 257 288 475 480 649 656
135 146 288 291 457 569 599 611
114 213 255 290 351 484 539 637
150 211 217 231 382 438 553 647
144 251 255 321 434 459 483 577
58 184 266 283 348 374 619 625
43 184 209 301 350 440 486 602
39 97 172 236 363 435 473 487
12 126 234 261 490 564 614 628
199 285 311 323 439 491 518 638
144 207 301 328 389 395 426 508
71 253 272 327 489 550 589 609
70 252 304 330 386 595 601 608
176 250 315 330 442 466 567 589
108 226 296 298 488 535 564 663
86 188 241 324 339 403 540 637
178 316 318 327 373 553 576 592
215 259 315 331 447 470 544 656
201 245 252 313 384 483 594 670
83 170 207 282 393 423 448 506
129 161 313 322 499 510 543 616
44 172 305 329 387 420 476 488
12 150 289 319 519 535 570 658
83 231 241 259 479 517 548 623
286 293 329 331 373 462 470 619
11 120 286 335 394 425 507 571
203 209 293 326 463 517 568 602
106 265 309 328 427 448 494 609
8 94 227 312 462 578 634 636
132 179 186 320 404 496 531 643
118 157 299 303 391 456 552 596
222 302 318 332 446 526 558 625
32 187 263 325 461 471 537 649
63 197 210 292 465 474 493 633
19 47 224 288 441 479 494 497
188 303 306 334 511 571 575 596
265 293 317 334 385 443 611 653
3 106 178 236 339 437 547 568
3 57 226 256 440 621 647 659
13 131 199 332 360 512 576 650
154 239 254 331 429 442 476 510
158 173 312 322 454 554 612 617
103 176 223 308 505 580 624 630
17 150 294 318 486 507 562 625
142 163 226 244 353 499 507 508
33 205 213 308 383 533 569 588
165 176 188 222 534 560 592 605
233 256 294 334 441 485 632 655
244 252 269 335 441 475 489 492
184 247 333 335 441 443 471 553
229 274 306 316 409 470 565 587
174 202 306 333 443 511 547 590
101 240 270 289 410 560 606 647
143 204 297 320 375 500 551 568
157 203 273 330 467 500 514 620
121 279 301 304 485 500 542 564
