2 3 4 371 406
5 6 7 336 449
8 9 10 336 439
11 12 13 337 516
14 15 16 438 517
17 18 19 339 589
20 21 22 337 340
23 24 25 338 590
26 27 28 339 575
29 30 31 340 576
32 33 34 338 433
35 36 37 341 465
38 39 40 342 453
41 42 43 343 597
44 45 46 450 567
47 48 49 466 550
50 51 52 418 574
0 53 54 347 499
55 56 57 348 474
33 58 59 349 601
60 61 62 341 350
63 64 65 342 351
66 67 68 343 352
69 70 71 344 485
72 73 74 345 552
75 76 77 346 661
78 79 80 347 583
35 81 82 348 522
83 84 85 349 625
86 87 88 350 606
89 90 91 351 513
92 93 94 352 405
42 73 95 344 568
96 97 98 345 379
99 100 101 346 569
1 102 103 353 376
51 104 105 354 608
76 106 107 355 520
79 108 109 356 593
110 111 112 357 594
113 114 115 358 587
31 116 117 359 641
118 119 120 360 364
121 122 123 361 426
103 124 125 497 665
29 126 127 393 463
79 128 129 526 560
85 130 131 433 608
132 133 134 598 660
135 136 137 403 472
35 138 139 502 540
93 140 141 391 541
112 142 143 542 584
67 144 145 372 634
122 146 147 373 482
148 149 150 374 507
151 152 153 375 604
14 154 155 376 432
74 132 156 377 513
157 158 159 378 668
2 160 161 353 380
45 72 162 354 381
100 150 163 355 382
164 165 166 356 383
167 168 169 357 384
49 170 171 358 385
0 172 173 359 386
125 174 175 360 387
153 176 177 361 388
150 178 179 362 622
0 180 181 363 493
165 182 183 364 445
184 185 186 365 392
187 188 189 362 366
175 190 191 367 642
59 119 192 368 670
10 193 194 369 506
195 196 197 370 652
6 198 199 371 643
93 196 200 372 398
176 201 202 373 504
71 188 203 374 597
204 205 206 375 542
12 98 207 377 543
183 208 209 378 670
140 210 211 379 655
135 199 212 380 659
96 213 214 381 547
11 188 215 382 581
15 120 216 383 642
217 218 219 384 628
220 221 222 385 614
18 78 223 386 514
224 225 226 387 486
206 227 228 388 515
16 78 229 363 545
147 230 231 365 457
43 232 233 366 458
139 226 234 367 459
84 174 235 368 627
47 57 236 369 465
124 157 237 370 663
114 214 238 389 450
97 239 240 390 451
241 242 243 392 655
20 124 244 393 580
120 167 245 394 644
230 246 247 395 647
7 44 248 396 602
61 118 249 397 518
50 250 251 399 610
80 205 218 400 667
65 128 252 401 528
1 253 254 402 638
127 161 224 403 497
30 243 255 404 521
1 219 256 406 577
251 257 258 407 659
27 236 259 408 419
260 261 262 409 420
224 263 264 410 421
107 158 204 411 553
25 265 266 412 554
217 229 237 413 555
119 136 267 435 491
37 115 148 408 476
8 152 268 490 605
174 269 270 491 510
27 106 271 507 514
40 184 272 539 557
67 97 262 541 568
11 195 268 569 580
273 274 275 453 614
256 276 277 600 654
33 38 278 607 624
80 103 242 461 615
225 279 280 510 616
41 88 222 511 561
96 171 268 633 653
61 187 274 428 573
19 68 108 458 484
149 246 281 485 525
162 176 233 505 613
219 235 282 551 566
280 283 284 440 565
38 131 160 441 609
88 159 218 442 495
26 143 285 424 443
13 52 60 444 522
109 157 286 445 639
175 217 287 394 415
66 275 288 446 561
130 179 289 447 626
112 163 208 411 448
3 290 291 449 566
73 228 280 451 483
3 292 293 452 628
70 212 294 437 454
81 216 295 455 481
46 133 198 456 534
49 158 296 389 460
54 140 155 390 461
23 242 297 391 462
70 146 298 395 464
10 114 295 396 466
87 125 276 397 421
17 237 297 398 467
299 300 301 399 468
142 293 302 400 469
55 76 91 401 470
2 179 284 402 471
58 186 303 404 473
128 193 297 405 474
109 260 300 407 475
141 285 304 409 477
46 137 305 410 429
34 249 255 412 478
278 292 306 413 479
12 307 308 414 660
215 255 309 416 508
117 129 261 417 548
82 130 231 418 630
18 83 194 419 585
95 258 310 420 454
170 308 311 422 487
15 193 312 423 488
17 206 261 424 489
21 159 313 414 425
226 289 292 415 426
282 303 314 416 427
36 178 221 428 550
82 267 315 430 596
22 178 234 431 588
143 240 316 432 515
173 305 317 434 620
127 183 306 435 663
63 105 212 436 441
139 160 246 437 599
102 190 318 438 599
47 286 319 439 671
116 239 320 440 499
209 288 293 442 629
154 315 321 443 638
22 86 283 444 641
40 92 317 446 528
51 122 189 447 505
169 192 215 448 551
6 123 322 452 658
13 48 191 455 588
197 238 307 456 668
50 202 298 457 651
121 144 294 459 648
208 221 323 460 572
32 56 185 462 630
136 272 324 463 480
95 134 201 464 537
26 56 306 467 596
110 145 311 468 532
322 325 326 469 503
81 100 132 470 516
189 199 320 471 631
151 251 269 472 559
83 147 327 473 657
110 165 304 475 644
62 171 203 476 511
23 245 321 477 623
151 238 328 429 553
131 276 303 478 645
123 267 281 479 591
173 248 285 417 533
180 220 313 422 494
57 190 329 423 540
24 30 209 425 601
129 291 327 427 602
52 254 270 430 565
31 144 187 431 649
223 252 328 434 520
45 89 258 436 531
55 166 248 481 560
186 247 289 482 579
69 177 270 483 591
113 134 301 487 651
28 94 164 484 488
153 200 310 489 648
5 99 330 490 666
5 90 201 492 617
116 213 311 493 650
62 168 307 495 646
65 230 277 496 539
41 138 284 498 530
14 25 220 500 636
161 185 302 501 615
7 94 324 506 570
138 163 265 508 669
149 216 325 509 563
77 228 286 512 529
164 181 316 517 637
36 182 266 518 671
192 274 331 519 572
21 211 265 521 543
39 235 247 519 523
28 90 305 524 544
271 278 318 525 545
53 92 314 526 546
181 210 296 527 547
9 177 332 529 658
203 254 329 530 662
98 296 304 564 571
75 225 290 627 666
111 239 330 616 640
211 245 323 564 621
9 197 257 639 643
205 244 319 605 619
53 233 257 593 631
204 279 300 559 594
44 202 259 587 657
66 309 320 498 546
126 142 266 619 632
223 295 321 533 618
54 152 168 640 667
243 287 331 579 621
48 106 253 618 622
262 308 333 537 556
154 169 326 577 584
71 191 250 509 578
156 312 328 524 582
58 172 324 576 585
8 156 333 492 536
20 43 282 581 586
207 319 334 536 554
172 200 232 589 649
141 313 334 556 590
167 180 196 532 555
250 256 332 503 592
39 87 232 573 595
91 298 335 496 598
194 269 277 480 603
121 137 330 486 604
24 229 273 494 607
34 102 273 500 609
135 231 325 501 610
60 294 309 502 611
113 227 333 504 612
101 182 240 512 558
64 146 290 523 617
16 241 323 527 562
74 214 260 531 571
4 263 335 534 600
63 85 281 535 624
210 222 244 538 633
19 64 264 544 595
86 310 314 548 611
75 104 259 549 625
69 89 104 535 552
126 241 275 538 557
166 271 302 563 583
105 263 327 567 645
29 68 291 570 586
162 283 301 574 650
148 312 315 575 662
42 234 299 578 634
107 207 329 582 669
4 77 299 592 635
236 279 335 603 664
117 264 288 606 620
170 316 334 612 636
108 213 227 613 637
118 155 195 558 665
184 318 331 562 647
72 99 115 549 653
32 253 287 623 626
37 111 133 646 664
101 145 198 635 652
59 317 322 629 656
84 252 332 656 661
249 272 326 632 654
