44 45 60 184 189 224
20 33 116 145 188 204
88 111 112 185 200 214
86 87 102 127 152 234
24 33 97 123 203 226
33 88 99 161 202 232
9 44 66 128 163 179
14 52 119 126 192 228
92 100 105 121 161 190
15 73 91 162 225 237
18 72 93 160 192 238
10 15 71 130 193 229
52 66 117 135 138 183
38 52 69 132 212 234
53 54 60 122 164 197
66 92 118 124 177 213
60 73 116 148 182 211
23 86 106 143 199 222
17 24 35 137 156 190
25 28 30 124 128 233
34 74 80 223 229 236
40 110 114 145 191 223
3 113 115 141 157 189
35 49 113 126 155 197
7 29 36 169 198 206
13 101 109 128 212 217
25 35 41 149 213 227
21 23 109 146 192 208
26 29 101 144 168 225
97 106 119 131 156 196
74 97 98 153 159 220
25 43 75 135 150 167
31 74 95 129 178 200
0 37 102 133 207 209
82 90 99 120 177 204
11 40 106 129 147 226
9 49 102 132 168 195
7 44 99 158 208 210
19 50 72 142 172 233
10 51 79 155 158 187
38 39 70 133 143 211
13 50 53 213 235 239
55 56 57 123 134 196
42 46 61 198 218 238
1 16 67 139 181 220
62 64 68 121 152 210
32 55 70 156 176 228
8 78 85 166 184 217
11 105 107 136 145 159
11 12 72 131 186 230
28 69 79 168 179 235
70 77 105 170 188 226
4 59 71 137 178 186
20 56 59 136 147 232
20 30 81 121 208 230
31 81 83 174 185 222
54 69 80 141 180 207
46 50 81 173 206 216
47 51 83 149 165 177
19 24 117 143 167 193
1 5 117 146 187 231
54 62 84 125 184 195
34 55 111 153 181 215
46 58 85 144 162 210
1 61 111 151 165 236
47 62 63 124 163 209
3 18 73 144 166 212
68 112 118 150 174 216
2 87 116 140 194 228
19 26 32 227 234 237
27 78 79 122 169 189
18 23 28 138 171 206
17 71 77 123 159 191
4 86 118 142 149 175
14 94 101 157 171 211
42 95 110 186 194 205
21 65 96 151 172 204
26 27 110 130 148 207
75 76 108 132 152 231
21 31 77 131 139 232
30 37 94 125 160 224
32 75 82 126 140 183
45 89 94 154 164 166
78 89 96 182 201 239
34 89 103 162 219 231
76 83 104 127 175 181
6 36 48 151 233 239
88 104 107 134 178 194
6 100 103 167 173 214
64 90 95 136 175 202
45 61 108 180 201 209
2 22 67 176 196 200
17 22 114 147 153 170
27 92 115 125 158 197
43 53 98 187 190 219
43 57 65 193 203 214
63 108 115 154 179 195
7 12 41 130 216 222
14 56 64 120 188 199
0 16 98 165 170 223
68 91 96 140 173 198
38 41 42 127 142 225
6 15 119 172 215 227
0 91 104 176 205 218
67 90 100 134 174 203
22 76 93 133 199 236
10 13 49 135 141 169
8 9 93 171 180 221
2 58 65 202 215 237
40 51 57 137 161 220
39 63 109 138 221 224
82 84 85 157 163 182
47 87 103 150 183 218
8 39 48 146 160 164
58 107 113 120 148 229
48 112 114 139 219 230
5 37 84 122 154 221
4 29 80 155 205 238
3 5 36 201 217 235
12 16 59 129 185 191
