63 94 119 133 161 169
31 59 118 139 189 191
1 3 32 138 193 237
24 83 116 138 142 147
20 28 104 147 151 197
80 105 111 137 146 148
7 11 61 160 168 226
49 62 101 160 162 229
6 10 64 168 208 222
0 12 65 159 169 227
9 52 108 167 205 227
38 68 119 167 168 178
44 53 115 159 166 171
14 57 118 166 178 182
3 42 45 158 176 177
16 100 110 128 131 171
23 64 91 130 158 170
4 26 103 196 212 216
19 27 99 196 198 213
0 77 81 151 198 202
19 55 100 148 150 152
17 25 88 165 187 211
18 21 37 186 211 213
3 29 85 142 216 228
5 8 30 141 147 195
23 47 97 163 165 228
24 74 107 210 215 216
28 75 102 210 211 220
6 31 80 195 196 209
37 51 86 141 215 230
11 33 82 145 195 214
30 49 89 120 210 214
34 78 119 194 209 219
10 34 87 143 145 146
12 83 88 149 194 217
36 55 114 185 228 235
50 88 113 143 230 234
36 38 103 145 155 221
12 22 56 167 175 231
13 46 73 207 231 232
42 58 117 122 182 232
40 43 116 177 181 183
4 63 64 121 176 182
5 108 109 173 180 181
14 90 114 131 133 158
43 86 96 132 172 173
38 54 92 125 140 204
39 55 66 125 153 206
40 47 59 206 232 234
1 39 41 178 183 233
10 59 96 201 204 205
11 50 67 204 207 208
15 21 60 171 175 190
16 17 61 166 170 174
50 76 117 139 200 201
51 69 91 153 154 200
1 27 52 140 175 189
18 53 62 174 231 236
57 71 111 123 125 236
72 73 75 190 199 201
26 66 68 170 189 192
2 28 60 174 179 237
56 77 116 124 140 237
19 61 112 121 236 238
24 65 67 172 176 179
68 80 114 121 180 193
25 67 93 130 190 225
29 92 108 135 172 192
30 73 115 179 186 191
70 71 90 152 154 203
8 45 72 154 208 223
79 92 94 198 203 225
66 95 105 128 203 205
22 71 74 192 199 213
29 39 99 215 218 221
26 48 94 164 165 218
31 90 106 120 129 164
7 32 76 209 220 224
41 82 100 120 126 219
83 93 98 202 223 224
9 32 84 146 151 194
44 79 85 150 157 202
13 37 104 127 214 217
14 103 105 157 219 222
15 47 81 144 149 150
16 70 107 153 156 157
33 70 112 137 141 235
58 72 84 123 143 144
48 52 85 149 155 206
0 40 74 127 218 239
75 98 113 132 134 239
35 45 76 129 130 132
77 96 97 135 220 225
78 91 101 128 129 224
7 25 58 134 161 163
21 87 101 134 136 184
27 36 95 135 136 164
35 46 102 163 229 230
41 95 112 133 162 173
6 57 97 161 221 226
44 89 109 126 131 239
106 110 111 162 184 185
56 106 107 155 229 233
8 53 102 156 217 226
9 42 99 127 169 222
15 43 104 126 223 227
48 54 109 183 185 234
49 51 60 156 207 233
22 33 110 136 180 186
20 65 113 122 181 188
35 84 115 184 187 188
20 46 93 124 144 200
5 62 79 124 137 238
63 69 87 122 123 235
2 81 86 142 188 238
23 34 118 187 193 212
4 54 78 138 139 148
18 69 89 152 197 199
17 82 117 191 197 212
2 13 98 159 160 177
