97 188 334 378 568 584
133 149 151 353 422 466
168 219 322 397 472 512
225 301 312 358 464 561
123 141 264 480 514 518
75 104 267 440 468 504
33 138 284 338 454 522
178 203 285 369 454 582
51 255 290 541 564 569
57 58 276 410 453 555
127 245 277 462 493 573
186 207 237 367 381 423
91 140 268 424 571 587
271 272 297 369 508 567
65 93 216 395 606 651
167 205 317 363 513 652
152 185 236 431 511 604
252 261 265 446 572 604
54 141 176 363 613 639
46 122 123 435 468 631
48 124 239 405 471 514
25 240 274 366 387 390
36 187 309 426 453 535
95 283 325 341 457 470
53 96 139 464 548 647
9 164 218 452 502 596
82 139 224 418 563 584
70 224 306 404 493 640
134 311 326 385 443 464
15 242 332 418 588 661
116 135 162 410 565 600
18 148 328 433 533 564
18 29 175 381 415 602
146 150 245 451 547 658
212 293 295 345 481 532
48 108 251 582 629 662
150 220 276 376 546 578
111 256 323 445 511 600
84 313 328 337 531 651
74 102 292 343 598 608
116 174 210 522 553 608
31 124 268 445 478 656
54 140 217 508 537 601
130 238 248 424 457 580
130 194 282 407 429 443
160 303 325 434 493 650
40 166 190 349 549 579
105 167 304 412 423 519
21 32 90 492 595 655
65 253 331 468 488 667
294 302 321 489 604 624
83 195 260 480 538 655
59 289 292 517 575 652
110 211 327 367 403 430
113 166 332 406 454 665
120 195 318 358 447 612
142 191 239 363 585 602
17 69 97 348 389 446
49 261 286 352 385 501
122 155 188 354 388 599
14 46 265 568 606 664
46 88 124 420 557 623
127 162 266 386 491 630
128 148 268 527 578 670
76 275 315 456 611 670
6 131 256 491 537 579
77 192 291 337 426 443
38 314 329 387 413 633
103 177 227 496 500 663
10 156 180 427 520 547
163 173 326 350 373 439
221 222 308 462 494 502
137 272 316 403 500 505
67 106 285 344 349 505
16 53 223 377 439 539
31 64 92 336 469 579
32 147 158 450 470 583
1 279 299 393 487 592
128 202 284 410 465 516
27 82 203 541 620 626
112 128 246 466 475 583
23 178 228 364 530 646
96 173 177 432 551 618
206 278 330 369 387 653
183 234 243 418 463 469
3 328 331 339 414 518
50 105 273 348 473 648
63 91 279 336 365 392
42 239 280 353 519 667
190 196 204 405 589 614
57 208 242 360 458 617
4 136 237 524 575 668
58 69 85 455 522 524
42 86 307 458 648 651
4 8 308 417 610 658
56 84 293 398 415 440
108 244 291 495 554 580
151 233 277 396 476 663
171 189 320 383 467 566
154 213 259 376 409 483
87 153 155 431 554 556
38 75 287 536 556 606
14 47 166 400 566 621
94 175 291 357 497 532
58 133 249 394 545 659
117 211 249 427 483 508
39 323 335 527 591 608
240 250 256 391 587 614
206 242 260 479 512 626
28 197 280 394 414 542
60 184 236 374 644 664
24 35 321 364 370 416
68 181 255 381 584 660
81 190 238 445 634 662
90 266 322 355 447 553
9 174 267 375 441 517
17 219 232 352 377 617
49 110 210 421 472 671
115 271 298 442 552 593
49 78 184 593 623 638
227 247 330 372 434 657
62 171 222 386 422 436
12 199 265 477 490 628
112 116 300 545 594 595
76 113 251 364 516 570
37 172 301 439 489 570
241 269 302 340 425 477
5 9 147 338 550 638
66 94 159 450 559 590
161 168 254 407 480 490
21 114 324 378 558 576
154 229 321 459 561 611
209 243 292 412 417 654
119 120 228 386 597 660
79 204 313 495 586 667
28 252 319 416 455 559
19 152 308 370 501 643
147 153 207 374 413 497
86 217 310 339 555 607
223 248 305 356 402 509
40 273 300 347 378 408
226 251 255 358 380 642
228 234 296 361 406 565
79 83 199 342 344 351
44 258 317 510 526 542
162 183 278 360 391 646
55 77 104 345 373 518
85 148 286 635 649 658
4 175 225 343 534 569
22 33 56 441 450 588
120 129 142 467 510 569
130 142 231 357 601 609
155 235 301 370 515 629
75 264 295 337 420 544
60 88 138 421 452 621
2 123 318 512 625 629
30 122 266 340 375 467
14 214 267 388 521 633
63 153 212 426 540 590
149 200 290 383 602 670
169 196 220 350 366 656
160 208 322 396 558 653
57 174 224 389 630 654
121 136 140 429 511 659
161 189 193 351 568 609
132 179 241 449 460 491
23 117 273 499 607 611
24 50 186 399 494 642
0 52 323 424 594 644
77 150 191 401 433 498
109 192 314 440 444 666
69 221 314 423 441 657
11 329 335 411 583 627
145 171 206 447 552 627
70 71 98 438 547 598
34 72 100 361 496 539
35 61 258 431 560 597
63 305 330 444 505 529
234 259 306 451 581 647
94 230 289 338 449 574
114 194 298 373 472 474
52 219 262 356 593 661
22 151 209 384 458 502
170 172 306 341 432 456
39 138 157 349 517 649
52 106 270 392 408 448
3 16 211 399 484 639
88 89 169 385 393 481
91 165 182 356 390 395
62 90 92 395 503 565
56 93 263 492 533 633
7 254 280 342 560 613
8 135 250 469 578 586
48 320 334 435 541 549
115 121 164 422 592 644
80 82 202 360 380 645
81 149 203 471 516 552
7 27 312 538 622 641
159 160 182 438 492 529
40 121 145 474 503 591
6 133 195 503 613 632
72 118 225 409 551 660
33 68 309 389 497 530
67 95 145 482 634 655
84 191 278 346 362 536
282 304 319 560 574 666
107 170 305 371 419 482
73 101 302 496 615 664
0 276 317 475 601 619
16 237 324 348 359 368
93 131 333 339 355 400
37 126 131 340 484 665
20 31 218 393 417 614
156 163 217 442 484 546
104 117 299 428 442 625
159 169 216 336 398 572
105 146 310 461 463 524
19 102 281 561 669 671
29 176 208 353 359 362
12 165 333 397 460 488
0 1 289 379 429 452
17 28 213 399 453 605
19 30 283 489 609 638
47 107 274 460 481 627
170 221 246 513 550 663
101 285 295 372 495 621
76 103 201 466 624 645
66 214 215 525 556 605
198 202 303 500 630 662
119 281 294 437 543 636
59 87 163 368 504 526
129 193 235 435 610 669
59 60 213 367 521 619
25 36 144 376 382 444
109 187 247 345 455 509
11 188 296 548 566 595
47 65 125 420 436 562
2 126 300 354 427 661
32 274 307 398 479 616
18 178 307 346 588 642
29 51 111 471 531 668
185 220 257 459 526 587
43 223 233 397 432 535
186 197 275 483 513 564
143 192 240 365 528 536
119 227 286 462 577 603
290 311 319 357 635 641
45 254 299 507 520 612
20 282 327 507 528 575
6 10 229 347 573 622
26 80 205 362 379 456
43 72 332 523 530 647
27 115 199 383 448 520
200 216 297 346 571 628
1 81 334 380 474 557
55 100 272 372 618 639
15 39 86 408 533 654
129 152 181 599 636 668
41 248 316 392 434 506
45 54 281 403 510 622
15 26 74 404 415 594
98 287 326 401 515 572
103 158 230 384 425 465
20 154 293 343 366 428
41 80 318 487 570 653
42 70 333 396 461 562
25 252 277 438 459 657
189 253 287 388 585 628
112 179 226 379 616 632
106 107 236 477 540 591
125 243 315 404 473 478
5 137 335 465 482 671
41 64 262 486 529 665
99 222 229 473 476 543
144 205 212 419 449 498
85 134 207 421 534 666
44 98 231 546 559 669
44 118 261 350 605 636
26 135 197 475 531 581
8 200 264 351 433 478
45 113 288 506 597 620
61 110 283 374 407 437
111 193 218 557 586 643
210 232 263 411 558 649
157 215 298 352 504 634
183 270 271 486 607 626
101 118 157 521 577 589
13 180 331 342 461 625
73 134 196 528 551 623
136 209 231 555 574 643
68 96 146 361 534 640
55 83 87 485 544 576
125 167 235 494 514 598
176 187 259 394 498 539
53 102 214 409 411 515
13 141 258 485 519 612
2 309 324 499 554 617
92 249 315 347 571 581
62 297 310 488 646 659
78 198 253 375 405 567
71 179 257 390 573 652
73 126 168 430 523 631
74 132 313 532 562 600
22 95 329 479 525 550
37 244 327 368 506 615
66 246 304 384 413 542
288 303 311 563 580 603
23 34 99 463 535 624
100 181 232 359 548 577
161 215 247 446 457 544
5 245 294 341 501 637
67 173 244 402 576 589
137 172 288 402 437 645
3 7 185 416 485 537
30 143 204 585 596 615
127 201 312 543 563 632
158 238 263 525 527 650
35 139 320 406 599 641
12 177 262 371 523 567
24 51 79 414 582 610
43 97 180 490 499 640
184 260 269 448 470 631
182 233 241 355 371 382
11 50 165 377 436 616
36 164 257 365 476 619
61 89 316 507 540 603
143 156 194 401 430 592
21 108 269 344 354 650
13 226 270 487 538 648
89 109 275 419 428 635
78 250 279 486 596 656
10 201 284 545 620 637
34 144 325 425 451 509
71 99 230 382 412 637
114 198 296 549 553 618
38 64 132 391 400 590
