85 127 313 384 476 624
211 294 301 444 457 647
32 43 148 527 548 555
29 212 260 391 490 619
48 208 220 369 436 465
149 191 197 383 406 620
186 209 220 428 444 614
86 154 167 419 446 549
188 269 323 391 404 529
185 209 285 434 461 474
223 236 317 498 585 605
9 118 208 448 526 643
13 57 92 337 484 577
93 117 239 458 630 635
68 94 136 437 470 653
58 119 189 354 408 590
8 87 319 436 629 661
75 94 148 386 428 504
14 127 310 346 488 527
128 200 249 372 473 637
203 250 278 425 428 545
77 254 290 372 599 664
57 79 252 351 481 557
106 256 313 442 519 530
94 168 181 494 564 587
74 249 294 490 606 612
65 210 222 365 436 635
59 165 302 385 395 596
123 132 237 360 555 585
75 125 335 465 537 575
138 256 304 341 373 593
74 106 139 472 505 585
151 181 289 392 593 667
85 306 312 362 405 542
102 157 331 388 570 634
225 270 292 449 483 632
96 195 327 519 549 653
31 85 258 377 392 460
33 228 310 402 553 609
1 129 200 484 616 668
18 44 218 437 442 567
45 146 169 427 440 496
2 149 182 339 433 649
40 42 162 359 437 658
104 105 256 433 617 671
219 257 265 363 373 588
22 52 220 409 543 612
173 221 232 532 594 631
174 222 281 421 526 660
18 76 259 341 447 650
150 215 231 514 562 574
44 151 198 384 439 456
28 30 288 381 427 460
30 213 278 408 548 639
25 57 221 343 613 637
32 187 239 402 450 513
136 188 222 410 507 650
46 212 263 422 525 637
47 48 327 373 507 646
81 160 307 412 496 573
111 224 319 543 544 611
121 233 266 345 347 624
82 299 330 352 401 451
134 143 312 372 430 536
192 279 311 453 476 495
25 115 242 371 411 540
69 162 331 380 416 626
148 195 264 474 476 641
18 113 196 416 433 666
26 146 195 398 441 462
53 117 260 410 524 667
172 197 323 349 628 632
37 186 240 493 555 564
91 163 221 378 490 513
32 72 271 370 381 511
154 184 307 441 499 551
111 185 269 385 485 636
24 233 317 432 530 582
140 166 230 345 387 528
21 238 325 444 455 566
126 152 321 391 544 615
19 241 300 481 605 662
64 153 243 414 423 578
141 275 328 357 430 563
46 50 102 438 528 558
25 235 324 467 482 558
73 187 329 343 379 664
117 216 283 439 495 660
53 172 186 393 470 522
206 218 240 386 510 647
53 184 284 339 429 500
24 37 82 485 511 593
163 255 308 457 547 552
58 72 147 374 649 656
210 229 245 538 567 591
29 205 246 375 457 506
208 228 334 379 399 538
173 191 203 409 426 609
60 61 332 347 438 516
237 254 296 450 579 606
35 193 324 551 598 632
97 152 231 422 549 563
178 207 288 480 561 624
67 79 335 414 448 487
224 252 305 509 634 640
29 90 180 349 539 584
88 191 281 390 399 424
91 209 318 477 505 548
95 263 306 484 574 645
97 98 182 441 452 655
7 81 243 473 554 665
10 49 266 412 460 478
42 119 138 336 456 600
4 120 279 462 539 597
28 56 204 361 546 649
66 78 244 520 597 628
11 73 203 411 465 659
12 112 290 403 607 618
12 63 116 353 375 455
36 241 323 463 506 576
97 240 242 528 602 641
201 272 318 454 545 572
16 67 313 462 483 556
69 127 137 486 489 504
5 131 249 394 532 573
95 217 259 397 526 600
100 291 305 575 598 629
213 230 268 342 510 572
81 258 325 344 531 612
42 163 190 445 458 584
4 179 295 374 569 619
84 89 270 384 400 420
114 277 286 359 390 430
13 285 288 398 542 580
72 80 255 432 565 669
120 245 298 440 447 517
45 88 198 358 408 488
8 83 145 350 538 669
87 308 330 421 533 578
89 134 293 489 534 668
6 146 291 487 521 561
77 95 149 491 581 590
9 162 314 366 559 650
92 104 227 515 581 663
93 156 265 336 595 607
52 230 301 443 472 493
123 154 232 418 516 641
138 281 325 369 401 407
121 122 189 342 486 644
87 124 158 507 509 596
14 126 236 475 492 506
108 128 305 403 558 578
27 134 174 491 523 652
62 174 333 552 566 645
175 201 297 426 579 611
39 96 260 338 494 505
101 153 262 463 547 577
124 226 263 351 364 622
202 247 280 358 515 589
139 164 282 387 418 434
27 180 326 363 406 447
51 55 205 533 601 618
89 160 334 488 592 603
109 185 243 352 518 537
109 135 303 380 396 579
156 183 314 354 417 515
41 75 286 380 409 621
76 238 328 417 477 652
6 105 202 348 356 616
63 175 332 360 560 662
176 239 317 459 541 552
22 196 324 383 573 634
122 136 252 382 416 429
58 159 253 427 559 620
4 226 315 375 571 623
56 78 228 478 517 620
7 79 244 463 571 616
16 167 257 464 569 615
43 139 319 492 572 614
211 250 304 477 564 625
11 168 275 453 602 638
74 107 192 377 524 583
116 259 283 365 407 539
31 63 291 350 355 586
9 44 248 365 445 483
92 130 180 397 423 595
23 93 303 359 591 599
59 235 333 364 498 503
175 212 282 368 532 636
132 207 289 350 522 530
39 125 312 403 434 638
6 101 331 389 479 557
73 225 226 448 482 618
158 268 300 382 466 611
54 99 251 446 468 613
5 115 326 426 627 666
64 284 297 406 509 657
66 103 272 387 453 568
50 229 292 415 510 576
47 110 205 605 622 625
60 179 333 419 432 525
61 105 166 452 469 520
21 107 193 393 419 586
129 164 266 499 520 542
161 261 276 407 580 630
54 204 280 337 512 608
60 122 131 340 551 610
15 35 124 404 429 435
76 155 262 378 529 648
77 184 214 431 644 668
24 244 314 374 529 671
182 227 309 356 431 608
257 308 322 523 625 633
43 90 316 522 651 658
106 168 296 454 541 647
84 147 275 362 597 655
16 235 334 415 475 623
26 27 107 339 569 648
213 283 326 424 567 651
23 56 150 367 501 590
99 140 293 371 499 642
86 108 321 338 503 633
144 238 276 461 607 660
98 267 310 370 496 631
118 200 284 351 491 589
68 82 278 456 474 568
19 156 261 337 455 459
19 155 273 582 586 613
20 41 255 443 479 498
219 279 318 357 519 651
115 287 328 534 545 562
10 315 335 355 379 665
78 80 214 347 400 497
59 100 141 435 544 621
104 225 286 366 383 471
33 110 119 425 459 574
133 198 322 425 489 512
70 84 145 370 392 517
26 170 329 431 577 623
128 215 264 352 405 540
113 178 183 356 486 562
86 216 299 512 514 566
8 159 309 497 561 643
116 181 199 344 502 619
217 265 294 369 584 604
121 173 246 346 443 560
137 158 285 536 653 654
34 112 141 471 588 640
3 201 302 411 518 661
34 54 153 481 633 663
36 130 169 413 554 591
12 188 231 338 417 622
0 234 254 388 394 657
17 83 135 360 479 603
170 171 194 364 535 663
38 183 224 563 654 670
40 70 311 367 527 587
41 242 251 395 570 594
2 91 161 341 381 524
38 211 302 461 533 602
103 179 237 368 511 583
33 192 290 405 630 659
130 144 296 518 604 635
194 199 320 468 525 665
3 170 197 423 482 497
48 114 176 336 421 638
20 273 307 345 467 521
21 50 111 493 503 662
0 233 274 340 469 556
137 176 295 354 494 523
34 274 327 382 615 617
0 241 320 414 438 601
17 71 277 348 534 550
143 206 223 466 606 621
64 126 207 349 556 629
133 142 253 546 609 626
45 145 306 508 553 656
2 270 301 393 442 565
23 35 332 550 576 644
234 293 316 500 626 627
83 108 248 353 415 547
13 31 298 361 508 648
1 120 177 397 400 487
129 247 289 500 508 671
51 143 171 394 471 596
160 215 245 396 553 666
1 196 329 557 581 592
40 100 123 386 492 550
99 131 236 418 467 601
218 258 272 472 587 639
30 62 267 513 531 656
47 165 292 404 464 466
51 80 268 340 449 661
68 159 262 398 445 628
69 282 320 537 610 642
11 167 223 395 583 646
46 113 232 452 540 610
7 234 309 389 535 589
15 144 321 385 410 588
38 204 271 451 580 655
61 142 187 388 478 631
189 276 297 424 599 654
190 210 280 439 595 643
5 214 315 535 560 592
52 155 264 377 485 594
90 150 161 480 495 600
62 114 151 362 401 458
17 98 193 420 516 521
118 147 194 571 608 645
39 65 132 353 541 614
190 295 316 363 559 667
20 88 274 342 348 475
49 169 299 396 531 546
71 171 219 435 617 627
125 152 300 636 640 646
164 165 322 376 446 536
49 229 287 501 603 639
22 202 330 390 473 670
14 217 253 399 413 658
71 102 273 371 469 598
37 65 157 450 502 543
135 140 199 368 412 570
3 101 267 343 554 669
112 177 206 449 575 604
172 271 287 420 480 568
55 103 133 451 642 659
36 142 178 346 389 501
216 277 298 358 367 652
28 177 246 355 413 565
110 166 269 376 422 582
10 70 261 344 361 402
67 247 303 366 440 657
96 109 311 454 504 514
55 157 227 468 664 670
15 66 250 357 376 470
248 251 304 378 464 502
