22 156 233 441 533 585
33 143 277 476 543 609
45 57 161 432 444 537
27 75 155 429 586 643
42 120 218 373 447 590
69 103 226 415 556 577
5 101 195 569 578 649
38 82 122 447 555 669
86 111 119 467 546 658
97 230 251 420 515 604
9 295 318 390 628 668
109 127 257 369 480 581
61 169 233 374 403 656
63 121 141 383 417 559
13 159 275 560 582 593
74 132 138 376 510 635
7 235 267 368 479 511
144 188 325 347 543 615
12 83 293 375 442 451
18 161 234 443 586 667
23 155 244 531 638 649
111 168 210 430 515 532
27 77 98 362 463 651
27 103 191 437 596 622
186 236 294 556 562 664
0 35 333 482 522 626
39 74 102 573 585 636
46 132 139 375 598 608
11 205 283 386 422 604
154 165 260 388 517 633
29 168 259 552 574 610
34 122 291 542 577 658
51 219 263 407 486 510
82 104 287 364 412 460
82 230 239 353 572 597
107 237 281 385 488 667
1 70 320 477 591 657
126 172 249 431 623 629
143 225 230 433 487 565
38 132 284 345 391 612
220 251 280 358 372 631
19 66 332 445 506 550
22 41 204 347 508 538
46 205 257 350 363 493
140 231 248 461 536 606
109 128 162 462 510 547
109 141 160 464 468 495
186 216 270 514 566 642
2 240 283 453 481 539
118 137 279 348 604 616
185 245 275 404 448 500
50 184 321 417 449 516
95 180 182 405 425 428
3 125 214 430 445 644
187 268 278 338 471 658
108 229 284 374 420 554
55 203 326 375 492 628
59 233 332 377 389 446
72 87 277 352 545 574
22 114 293 550 635 668
198 295 329 533 579 653
4 45 170 479 580 660
18 90 181 564 596 657
60 146 274 503 522 588
30 72 94 407 495 557
200 207 271 368 412 498
65 249 304 558 609 651
3 244 333 414 548 610
117 139 253 343 384 529
25 34 155 360 485 532
190 209 248 371 455 512
81 231 238 478 503 570
71 80 124 567 571 655
85 219 311 430 434 612
157 292 313 449 463 616
103 156 175 392 485 592
8 116 316 504 580 647
6 10 244 393 410 498
5 157 250 501 643 659
24 60 302 438 502 569
15 102 214 446 466 660
68 204 252 352 457 530
14 53 74 347 652 661
138 269 321 460 468 501
83 163 285 351 365 476
100 153 252 472 499 618
33 64 313 408 473 496
21 33 154 451 526 603
264 303 314 633 640 651
8 221 288 426 439 627
29 232 322 543 563 638
25 88 150 441 552 647
100 175 266 435 627 643
134 149 272 404 439 613
93 133 282 359 394 417
7 70 291 344 361 602
53 65 211 381 525 603
36 122 144 382 419 526
130 136 238 340 438 477
142 158 203 391 456 637
48 99 202 392 478 663
148 262 326 351 395 653
215 243 328 465 561 590
200 210 248 597 638 662
10 201 291 452 459 541
3 146 315 507 509 587
67 165 331 549 557 583
50 65 106 473 489 632
110 126 256 435 561 621
172 222 250 394 440 625
172 225 299 367 478 664
11 229 269 337 353 469
166 299 317 346 405 595
89 112 135 341 440 491
116 161 218 402 424 528
124 179 320 443 570 583
0 45 332 373 639 640
77 201 312 338 418 632
41 98 268 382 397 416
271 286 330 409 544 624
119 206 298 462 602 605
48 239 257 404 521 606
176 187 322 496 532 605
54 208 247 384 426 611
123 192 325 386 398 457
183 237 297 469 558 564
58 168 288 406 494 509
57 141 262 378 418 513
14 104 205 379 624 648
114 171 228 377 460 535
40 129 282 378 476 664
73 133 137 358 400 518
118 204 289 379 587 620
83 118 245 363 408 588
207 232 319 536 589 594
15 281 323 537 562 645
142 164 239 512 551 554
76 112 221 366 413 505
38 75 202 528 556 625
16 47 102 374 558 619
36 124 191 349 387 633
140 176 330 350 540 552
120 145 194 428 444 542
111 126 154 372 483 486
42 139 289 364 445 474
42 108 185 436 446 572
96 249 331 352 397 488
17 158 255 447 523 657
55 212 265 450 474 553
79 146 261 348 475 584
133 173 180 339 421 546
44 150 199 389 439 630
178 189 296 424 597 616
32 68 213 500 609 660
67 153 228 516 591 656
90 259 309 415 470 630
2 218 293 391 482 671
64 128 287 425 598 665
232 238 290 455 565 642
58 216 319 434 503 628
28 57 159 454 541 655
90 198 221 401 592 600
52 54 242 449 504 637
20 56 324 410 527 596
48 71 334 435 582 595
89 220 277 359 398 431
169 197 226 345 361 399
16 243 310 428 525 575
69 303 322 429 526 626
69 200 311 566 610 669
107 125 273 467 490 529
21 152 307 577 661 668
170 300 315 423 530 627
16 93 327 337 411 489
43 113 289 339 414 464
20 195 333 342 415 539
91 206 259 409 495 626
110 216 223 438 553 567
84 177 199 380 416 600
1 44 190 401 506 519
123 164 212 436 491 624
23 198 320 455 520 614
169 252 276 370 511 557
140 206 270 368 563 581
78 101 335 471 548 588
188 203 287 384 589 635
5 152 197 376 485 535
171 279 306 353 393 659
36 187 266 463 483 576
32 114 308 427 639 665
28 196 255 443 542 607
67 156 195 399 484 520
37 229 256 354 521 575
21 222 296 400 669 671
20 193 300 422 511 592
157 260 294 396 437 601
17 134 290 401 562 572
19 26 335 371 482 587
9 135 215 553 607 671
35 88 241 550 563 584
51 286 310 388 599 652
41 174 264 381 389 583
26 214 267 373 530 662
96 265 313 338 620 634
51 73 213 593 603 636
53 86 292 382 400 611
86 236 269 385 394 555
28 147 181 344 387 390
182 213 242 473 568 619
115 191 231 595 617 666
1 72 288 380 470 618
104 301 312 450 464 516
59 96 307 452 538 645
95 212 296 412 590 670
66 315 331 508 529 618
92 246 253 367 507 650
85 290 297 420 466 579
31 84 309 426 519 578
99 108 188 565 585 650
97 160 325 379 469 574
97 149 326 354 363 406
23 235 274 342 365 536
32 129 178 408 487 537
14 167 185 457 551 645
166 223 292 349 534 670
31 70 318 456 458 535
40 258 279 336 396 433
49 297 305 354 390 573
115 227 278 355 371 459
120 147 285 419 479 524
130 149 263 380 480 621
121 130 142 481 519 646
34 303 334 483 622 641
220 265 317 339 355 561
121 183 330 386 489 630
62 234 324 387 490 531
11 253 285 423 433 615
9 129 280 451 454 514
181 190 319 456 579 666
95 143 318 427 524 589
131 321 323 378 601 648
0 196 261 402 502 641
15 60 241 448 639 642
136 271 278 450 602 654
37 131 211 388 395 493
13 58 177 407 475 653
47 117 167 370 488 637
62 78 170 365 576 644
152 166 304 427 573 622
55 127 225 340 343 514
39 256 294 346 392 613
61 250 300 337 413 499
61 165 317 356 571 575
8 147 298 357 458 576
202 266 314 437 580 623
35 78 273 442 507 605
6 302 335 348 539 654
81 98 334 349 475 623
54 136 305 458 492 534
63 145 234 360 421 655
39 184 302 484 518 534
44 91 316 383 505 640
43 159 283 358 410 559
81 100 311 509 567 625
29 217 227 398 461 498
89 182 258 367 411 497
176 208 219 467 494 598
76 94 180 356 462 599
46 77 144 351 381 496
49 73 323 454 613 661
13 91 145 513 599 641
171 226 268 452 555 578
128 222 251 453 546 612
7 76 150 357 403 409
24 52 93 341 501 646
135 137 308 453 502 670
43 151 163 359 418 531
12 258 276 343 517 527
106 217 260 497 544 617
138 240 245 480 569 665
30 80 329 434 513 656
148 183 247 525 600 615
235 273 327 423 527 540
175 254 306 413 521 649
75 80 267 444 499 566
12 173 328 372 474 490
63 261 272 518 582 647
4 158 194 344 528 619
116 246 275 568 584 663
56 151 194 411 541 586
24 49 105 376 607 621
6 131 327 336 422 544
84 209 298 366 471 477
87 173 178 515 620 667
85 227 270 594 631 662
18 163 177 362 545 614
162 164 247 366 650 652
62 148 255 419 465 614
31 112 189 504 512 659
127 192 284 370 481 631
113 254 276 342 356 369
2 92 306 440 548 554
52 134 286 505 551 601
66 174 197 441 591 608
105 125 211 465 486 608
47 105 236 345 523 629
40 243 305 346 395 524
56 79 262 336 362 560
193 228 307 361 533 648
189 224 299 396 568 606
68 92 328 431 436 644
186 210 304 429 466 487
64 123 224 350 497 500
59 79 101 393 416 448
99 240 301 340 484 547
4 162 272 357 636 663
113 246 308 405 522 547
209 217 223 491 570 654
215 242 281 424 523 634
50 110 167 472 634 646
19 274 324 414 442 666
106 119 207 425 459 540
17 160 208 364 385 470
10 241 329 377 560 594
174 193 254 403 493 520
94 224 280 517 581 593
237 263 282 468 545 629
37 117 301 369 492 549
87 199 295 406 538 564
71 192 312 355 472 559
107 184 310 421 549 611
115 153 264 506 571 632
26 88 179 402 461 508
151 196 316 341 360 432
25 30 309 383 399 494
179 201 314 397 432 617
