226 291 307 361 452 577
111 173 251 372 515 546
54 117 203 384 492 637
150 174 233 389 403 441
98 249 314 397 623 651
113 274 333 342 414 522
175 221 300 413 592 627
68 249 277 352 431 609
95 207 287 412 425 589
39 166 305 346 534 573
112 250 306 413 440 659
17 42 82 364 447 572
49 149 256 354 613 621
140 224 257 350 581 606
43 141 312 418 464 559
84 101 268 416 471 578
58 81 146 475 503 509
34 111 187 483 532 658
192 220 227 355 398 631
228 233 329 377 533 656
252 267 300 499 511 530
253 273 315 423 507 529
40 131 262 336 378 395
94 165 276 356 517 557
69 259 333 415 610 626
95 166 308 405 427 670
22 295 307 533 538 668
43 133 220 339 358 359
33 144 322 496 526 543
84 221 247 366 426 600
137 292 296 400 616 670
110 215 265 553 561 634
16 65 183 489 525 558
11 300 327 337 422 423
182 246 299 367 405 568
70 197 228 361 535 591
40 143 285 433 476 524
4 116 202 528 580 663
12 55 139 343 375 474
18 27 56 362 586 596
15 186 290 466 562 642
57 129 323 378 454 537
127 130 240 340 480 481
128 132 219 510 598 612
178 210 230 487 515 597
96 201 268 338 397 452
97 118 205 363 379 604
13 261 334 475 582 641
68 123 185 436 457 500
35 206 322 563 605 626
28 124 234 387 443 655
140 207 235 368 536 540
29 200 244 498 610 638
57 151 201 418 432 541
10 207 227 459 498 594
39 99 156 392 484 585
75 100 250 499 625 643
77 187 313 338 463 496
94 109 206 462 495 581
101 244 306 393 548 649
195 226 309 399 415 578
118 146 335 348 587 588
124 165 264 571 583 633
166 191 334 349 595 622
131 193 205 422 493 648
161 179 196 402 432 443
114 241 332 377 550 639
12 273 324 442 490 527
50 93 121 417 489 646
52 112 316 341 504 505
126 220 328 372 431 561
32 64 245 408 500 665
86 133 222 394 400 546
119 176 273 467 540 605
77 163 262 351 362 418
173 265 289 339 474 620
33 65 213 473 603 609
137 251 283 358 453 604
67 174 320 520 583 591
5 155 175 485 643 649
118 178 313 408 616 620
13 51 94 407 593 599
117 127 276 343 369 370
97 229 297 354 420 469
9 55 216 514 553 628
150 259 330 409 552 630
28 194 291 344 541 542
172 236 282 394 629 664
114 152 318 427 535 668
52 157 321 449 501 601
89 123 217 398 491 497
189 239 248 512 597 606
52 142 167 551 637 646
3 168 311 430 509 610
21 53 73 400 603 661
37 165 310 388 549 575
2 333 335 482 539 548
38 226 236 345 555 556
73 159 280 358 454 593
92 108 164 436 554 650
145 180 310 421 428 599
23 195 254 342 520 649
79 98 177 362 416 475
89 93 151 341 359 411
109 113 301 369 464 547
0 91 303 626 640 641
18 255 320 443 614 657
19 115 190 371 506 666
2 142 284 391 481 554
41 53 144 347 381 382
57 80 145 444 513 655
4 7 147 344 357 479
50 242 313 449 473 634
51 74 162 510 636 652
148 211 243 395 465 525
18 87 237 545 564 667
104 212 271 412 450 624
48 272 275 404 582 663
160 237 269 385 468 469
70 158 181 344 456 657
99 225 238 340 478 565
81 124 223 349 567 570
225 253 258 343 367 433
104 228 321 460 516 648
33 83 129 408 451 476
44 264 332 389 506 640
45 120 267 373 444 479
22 74 188 347 585 635
46 174 211 381 493 608
102 297 304 466 558 573
80 216 311 434 566 567
8 170 266 576 580 627
46 83 326 351 363 375
111 125 219 430 467 486
155 210 322 429 532 638
54 184 292 449 534 611
85 319 329 434 579 594
86 107 208 385 467 611
144 148 285 351 419 615
149 245 257 363 404 480
1 84 130 380 477 519
36 98 292 349 382 463
71 100 110 435 472 567
16 61 229 337 374 575
11 230 279 353 433 604
48 231 299 478 595 606
25 156 197 399 441 485
143 188 232 543 565 589
191 260 314 437 617 633
69 75 186 429 556 566
32 143 304 427 487 609
38 222 311 612 625 669
35 146 246 507 522 584
107 173 234 421 490 667
170 235 285 365 423 479
113 180 317 339 356 405
56 258 327 336 411 527
43 244 324 410 414 531
126 266 334 435 483 623
46 64 176 350 496 598
86 122 268 382 555 658
265 278 312 338 355 450
65 77 264 381 632 651
85 251 284 420 612 631
50 153 312 472 516 632
78 83 274 365 442 588
79 241 275 448 560 584
63 71 159 559 582 655
76 162 298 357 366 462
137 261 302 348 502 518
41 179 331 397 508 583
105 215 255 465 523 607
42 214 332 373 445 446
105 126 263 486 621 629
15 32 45 537 639 660
16 182 194 411 428 619
70 136 298 458 477 602
127 270 280 514 581 631
47 237 249 488 558 629
9 21 293 451 668 671
51 154 211 388 486 603
29 277 325 398 543 574
131 260 286 388 544 601
179 217 231 461 570 617
181 191 324 387 596 666
121 192 283 386 481 559
25 63 316 360 383 647
147 305 318 390 458 524
229 239 306 353 521 554
96 167 281 488 634 645
87 97 168 406 515 574
163 277 282 359 476 545
114 138 287 460 635 665
68 170 214 530 644 660
81 172 202 478 623 625
20 235 276 342 511 527
21 69 122 526 577 669
0 60 308 502 522 639
224 258 260 396 497 517
129 186 225 487 514 664
44 134 221 401 439 505
2 135 222 440 453 671
42 212 328 436 474 590
48 175 256 392 435 521
141 282 321 378 417 468
104 160 289 364 379 464
31 142 190 456 512 519
1 17 90 401 470 657
119 278 291 459 602 658
58 295 326 406 628 653
8 150 272 357 439 647
45 314 316 432 580 640
67 184 301 484 516 549
106 327 330 489 540 544
41 59 199 389 416 538
136 223 302 438 534 654
30 91 141 383 495 513
148 177 198 600 614 653
55 136 301 340 450 492
7 206 271 368 409 602
5 24 138 376 501 569
64 106 182 425 473 497
66 125 139 445 529 608
13 262 329 513 560 653
14 307 323 645 648 661
102 108 233 374 446 585
24 135 196 341 502 607
90 183 199 564 600 630
62 125 328 465 490 644
38 158 218 391 447 528
47 169 284 345 370 374
72 177 263 380 407 545
208 288 309 426 470 494
6 79 279 336 348 393
71 115 317 355 571 595
72 252 331 352 557 618
34 145 196 360 542 641
26 227 248 371 461 662
30 58 219 407 434 494
167 192 252 370 457 472
188 247 253 384 615 650
5 31 171 535 578 659
6 217 271 498 544 654
60 216 238 438 503 642
61 76 254 356 403 413
11 183 325 386 469 615
14 164 286 551 624 652
106 115 201 459 617 632
149 199 288 380 406 439
0 26 218 373 402 482
3 19 289 414 445 587
105 132 197 345 376 608
63 133 184 417 421 518
134 185 239 404 551 572
4 102 213 619 636 660
36 154 303 483 526 633
75 161 194 444 528 586
14 204 325 347 379 457
134 294 323 562 601 613
112 164 209 366 491 512
23 62 163 365 531 614
34 103 152 485 577 622
27 157 266 437 463 643
200 267 270 368 566 662
161 178 281 424 537 667
195 240 302 484 539 569
95 120 243 428 524 590
87 96 204 352 538 620
9 28 49 390 454 607
120 122 255 419 447 542
44 121 309 383 519 630
190 198 290 401 455 579
27 303 304 429 622 651
1 66 153 506 591 618
30 67 169 399 557 656
123 205 330 350 386 624
39 73 272 518 613 636
93 250 269 337 394 501
181 295 297 390 564 579
17 236 281 385 523 562
49 74 152 376 573 661
209 278 335 371 471 654
85 210 214 430 466 662
139 208 287 364 384 598
132 203 293 375 391 635
108 230 290 420 565 572
23 232 248 455 536 638
37 254 257 369 493 521
119 128 180 425 462 546
109 138 263 468 480 510
25 168 176 494 532 552
89 92 172 367 431 440
10 56 159 410 541 560
37 305 326 354 395 492
151 155 234 360 531 586
40 294 299 346 396 664
107 117 331 488 529 549
29 88 140 461 552 563
203 318 319 456 589 628
15 59 185 446 448 645
26 204 315 508 530 587
99 162 246 547 650 663
20 90 103 415 592 596
116 189 242 424 504 568
88 116 261 402 584 647
232 241 270 563 594 642
47 158 242 523 619 637
3 78 92 507 548 644
53 247 310 525 611 652
135 212 223 491 553 670
231 274 319 503 536 666
76 91 286 409 505 599
128 240 308 453 547 665
6 20 283 410 422 539
215 218 296 424 590 671
22 66 88 441 508 550
82 200 296 412 597 669
60 101 245 448 569 588
243 256 317 346 561 575
72 160 259 470 495 574
12 154 280 372 451 517
36 62 147 387 419 576
8 31 54 426 458 504
78 187 298 471 576 605
61 80 153 499 571 656
82 171 269 353 460 555
103 202 294 392 437 556
100 288 315 509 618 627
24 110 130 438 621 646
157 189 279 396 616 659
209 238 320 455 477 570
19 35 293 442 482 550
10 59 171 377 393 452
7 169 193 361 403 511
213 224 275 500 568 593
156 193 198 520 533 592
