75 87 215 504 544 556
38 66 153 413 556 590
6 127 179 491 573 632
85 138 210 421 522 649
126 156 211 427 430 484
23 183 310 463 607 646
143 191 287 401 536 585
39 148 263 527 533 649
73 143 327 430 528 615
34 146 234 361 451 463
204 239 253 405 585 667
140 249 297 508 571 659
57 86 209 458 555 654
46 73 184 623 631 664
70 160 277 396 438 493
143 164 279 365 592 596
58 116 284 410 522 545
1 88 218 393 452 557
59 237 327 367 368 575
114 210 322 472 553 558
139 181 188 548 584 599
103 151 246 384 466 663
3 55 141 485 518 639
209 218 308 417 502 643
90 145 195 447 503 655
142 175 290 357 569 602
204 218 250 586 596 614
15 18 56 415 533 588
81 111 124 445 471 557
87 244 324 368 554 576
21 160 263 492 558 650
11 53 232 377 411 548
209 230 304 384 412 574
7 13 83 342 485 538
111 136 152 511 643 668
206 318 322 447 512 653
120 225 255 358 569 660
70 146 180 461 547 640
110 137 281 403 437 671
115 156 299 442 520 592
36 99 233 382 476 535
74 116 323 594 600 608
0 130 140 424 429 601
220 250 268 578 587 656
141 195 254 480 612 613
11 32 112 583 595 616
233 322 333 355 396 397
98 159 252 438 559 572
182 262 305 356 371 529
28 58 187 394 453 455
62 121 133 422 503 659
21 67 83 344 576 655
59 157 267 504 517 521
57 162 202 360 410 630
21 188 300 354 378 595
107 145 335 482 591 627
87 185 258 431 485 526
77 187 212 345 426 498
104 109 293 345 428 440
14 188 189 388 566 568
97 161 265 446 490 568
2 219 242 512 617 661
95 215 238 457 525 634
167 186 221 423 494 513
102 210 335 411 608 671
169 261 326 350 385 572
139 311 312 464 563 641
53 72 259 409 539 647
27 260 270 448 538 626
20 89 299 393 428 507
54 142 317 363 510 601
44 129 281 510 636 669
140 185 256 511 537 587
99 201 294 543 624 637
9 30 78 375 596 638
172 283 294 341 437 489
47 132 333 400 460 562
67 137 305 402 482 505
85 109 319 455 635 666
32 95 260 470 479 655
111 135 313 531 586 600
94 132 212 449 532 590
26 29 84 362 415 531
206 274 329 387 479 627
61 153 236 374 431 540
117 154 275 428 483 611
1 121 194 429 474 592
11 47 171 436 566 627
12 43 168 397 490 523
126 262 332 523 661 665
22 66 158 384 450 525
69 105 237 348 423 524
214 263 329 411 525 633
44 163 220 350 526 546
53 301 326 439 464 515
16 100 176 359 539 639
82 183 242 360 418 626
31 169 279 336 393 656
45 120 258 510 597 612
19 193 231 609 643 669
121 236 323 511 591 644
229 281 312 543 561 622
174 198 266 375 553 630
70 74 125 404 562 598
5 95 170 341 482 550
115 149 171 383 422 552
118 213 214 409 521 605
28 44 66 542 559 605
170 177 233 371 432 663
37 41 113 506 570 665
17 57 309 389 453 617
55 114 173 373 576 618
185 252 321 416 459 604
165 179 274 390 460 616
76 128 149 466 516 670
33 178 332 454 530 588
25 154 220 366 376 459
9 22 221 441 502 550
6 7 54 537 613 622
92 135 234 469 565 581
64 183 250 391 469 486
23 43 309 499 530 535
90 93 182 355 395 492
131 241 266 340 355 491
165 219 223 356 377 397
216 265 287 572 606 628
10 71 245 547 573 637
84 216 307 346 398 651
3 24 28 399 414 416
78 262 271 486 567 593
1 80 226 379 380 487
98 150 156 401 546 547
5 19 49 501 638 671
75 84 192 337 440 536
23 76 321 364 611 624
20 196 240 366 528 614
2 117 180 427 499 625
86 270 273 408 607 648
180 199 254 342 490 520
80 208 278 360 362 653
97 273 324 348 378 499
122 126 269 340 354 631
41 270 279 392 486 487
108 238 303 580 650 662
4 51 129 569 610 668
34 187 223 509 535 539
203 206 271 369 552 626
99 105 243 412 463 473
186 211 213 367 399 483
291 295 313 337 495 532
272 285 330 369 372 505
77 264 328 337 433 518
49 219 298 352 472 593
50 125 222 436 473 494
122 129 320 435 467 599
62 65 165 395 436 488
48 190 198 405 549 662
10 27 45 520 620 622
71 167 292 412 598 652
96 134 225 464 534 551
68 175 207 381 497 534
103 137 202 465 500 645
169 274 293 366 398 481
166 296 320 406 549 566
68 72 228 361 530 660
58 136 310 524 555 659
25 71 182 382 390 438
189 199 200 351 383 628
5 230 284 338 465 637
72 73 177 496 523 551
258 280 304 519 542 560
247 248 325 434 457 509
13 42 105 461 519 648
139 234 332 406 418 647
144 150 259 376 451 498
16 37 163 368 439 484
2 108 155 354 554 629
15 224 243 404 418 654
4 20 292 343 417 575
152 261 294 501 604 636
78 124 196 405 623 656
52 115 184 448 593 644
4 85 146 524 534 658
47 88 295 420 481 621
69 247 252 446 455 657
157 232 286 352 577 649
6 40 92 347 503 579
251 301 318 358 570 629
91 92 216 336 395 571
227 303 316 434 500 603
144 230 241 382 425 449
63 106 316 392 505 540
244 248 288 402 506 580
177 198 272 500 567 618
81 202 251 380 516 662
38 240 278 387 391 536
34 103 302 425 496 624
31 190 256 445 579 614
148 275 290 564 635 670
22 242 307 458 479 588
101 204 244 495 589 615
42 65 313 562 651 667
51 197 328 414 531 564
74 175 293 343 415 532
158 269 325 425 470 650
8 79 193 351 586 610
109 144 305 419 444 509
229 273 315 347 473 611
153 291 309 426 497 554
104 123 331 468 518 625
36 213 276 376 453 619
33 69 174 389 441 522
24 235 308 370 494 610
46 193 334 435 557 568
127 224 303 493 563 630
82 201 288 563 620 645
118 173 196 350 551 589
40 114 334 378 474 549
96 100 296 361 548 618
9 138 289 338 452 517
100 101 227 372 496 577
61 254 282 407 507 560
130 161 283 407 457 609
128 135 276 410 475 578
176 191 205 362 363 498
3 131 217 339 484 537
236 265 302 477 604 664
26 306 315 404 456 581
8 31 243 417 469 478
30 142 189 467 585 609
98 102 235 515 598 669
13 299 318 487 612 625
0 60 164 452 619 644
8 148 150 433 578 658
124 125 264 420 478 514
12 253 297 488 567 628
17 215 261 352 446 605
10 249 300 347 427 545
179 205 289 379 449 652
52 91 248 356 392 424
130 291 311 357 443 580
245 286 308 462 501 658
36 63 192 365 426 444
46 65 75 420 468 606
43 96 306 432 640 647
178 278 297 346 369 646
7 35 319 416 560 641
76 80 172 456 570 645
0 26 112 379 475 594
56 267 314 440 441 633
134 192 282 443 528 666
12 107 241 371 460 477
29 149 239 353 471 602
89 286 311 385 603 635
128 158 335 465 527 583
106 199 269 344 448 477
77 194 326 373 401 443
118 119 181 577 636 660
123 168 260 480 512 631
48 123 235 435 514 629
25 314 330 387 444 657
133 176 280 353 394 613
39 174 292 517 608 654
59 257 317 526 619 652
30 37 302 340 489 615
42 151 208 353 396 458
32 56 159 398 450 492
245 306 325 341 451 493
16 17 50 348 377 399
221 227 277 462 657 663
14 60 101 521 621 664
138 166 285 349 454 621
39 40 106 349 408 591
151 164 222 422 476 502
94 231 319 357 559 574
64 131 166 400 579 665
55 247 295 345 372 544
18 191 200 346 433 602
89 107 212 419 481 540
207 304 314 413 423 666
238 268 323 424 445 527
90 116 296 553 565 595
82 255 334 380 541 584
208 232 324 359 558 617
79 280 331 342 414 667
102 154 225 343 409 561
197 249 259 394 483 581
61 119 288 437 597 603
50 226 307 616 642 648
155 214 287 388 515 556
79 108 285 344 495 582
172 173 223 402 432 439
122 253 267 375 388 468
35 152 155 370 431 599
62 162 228 386 565 646
19 301 321 370 489 561
200 268 315 478 571 670
67 157 190 349 589 634
113 203 284 454 516 620
147 246 329 413 550 583
229 257 277 459 476 573
310 331 333 339 461 488
119 127 222 386 462 543
18 186 255 381 564 642
27 290 320 383 541 641
197 246 317 475 513 542
141 167 239 363 514 519
136 282 289 429 574 575
110 168 194 407 430 472
195 226 312 358 538 632
81 145 298 474 552 634
24 178 251 364 582 642
86 93 328 339 533 651
147 184 283 374 470 638
45 316 327 403 506 507
14 38 93 400 606 633
15 52 300 408 594 661
83 161 264 351 480 544
132 162 256 391 491 600
48 51 203 471 541 582
41 160 330 434 529 653
120 171 266 386 447 467
33 94 147 338 450 497
104 163 298 373 442 504
112 133 201 466 545 632
29 181 237 359 381 668
35 113 228 364 406 597
68 97 224 389 584 640
60 110 207 367 374 421
54 211 272 403 508 639
170 205 275 419 456 513
49 88 134 385 421 623
91 240 257 365 390 587
217 231 276 546 555 601
63 64 159 336 529 590
117 217 271 442 508 607
