1 2 1463 1612 1634
3 6 1591 1710 1733
7 10 1320 1744 1848
5 8 1320 1684 1970
6 9 1320 2030 2074
11 20 1321 1787 2127
12 21 1321 1826 2186
13 22 1321 1988 2271
23 32 1322 1917 2070
24 33 1322 2116 2368
25 34 1322 1633 2407
17 26 1323 2015 2443
18 27 1323 1922 2104
19 28 1323 2146 2484
20 29 1324 2093 2488
21 30 1324 1623 2135
22 31 1324 2304 2486
35 60 1325 2173 2508
36 61 1325 2236 2256
37 62 1325 1551 2312
38 63 1326 2246 2579
39 45 1326 1723 2448
40 64 1326 2325 2523
41 65 1327 2066 2228
31 66 1327 2398 2543
42 67 1327 1548 1732
68 93 1328 1702 1705
69 94 1328 2371 2389
70 95 1328 1667 2078
66 91 1329 1336 2154
71 96 1329 1856 2266
58 82 1329 1333 2501
72 97 1330 1790 1795
73 98 1330 2536 2587
74 99 1330 1609 1865
51 75 1331 1550 1659
52 76 1331 2043 2406
53 77 1331 1782 1831
54 78 1332 2413 2426
55 79 1332 1977 2547
56 80 1332 1452 1871
57 81 1333 2226 2414
59 83 1333 1656 1983
60 84 1334 1845 2405
61 85 1334 1627 2533
62 86 1334 1341 1810
63 87 1335 1582 2404
45 88 1335 1560 2436
64 89 1335 1522 2123
65 90 1336 1403 2034
67 92 1336 1479 1807
100 167 1337 1763 1768
101 168 1337 2204 2568
102 169 1337 1907 2264
103 170 1338 2317 2431
104 171 1338 2134 2541
105 172 1338 1447 2112
106 173 1339 2471 2565
92 174 1339 1344 1652
107 175 1339 1760 1888
108 176 1340 2270 2567
109 177 1340 1727 2542
110 178 1340 1359 1912
111 127 1341 1821 2613
112 128 1341 1455 2440
113 179 1342 1517 2197
90 180 1342 1344 2453
114 181 1342 1604 1897
115 182 1343 1966 1967
116 183 1343 2313 2548
117 184 1343 1556 1645
91 185 1344 2274 2411
118 186 1345 2017 2021
119 187 1345 1900 2096
120 188 1345 1706 2281
189 253 1346 1888 1892
190 254 1346 1394 2478
191 255 1346 2139 2242
192 256 1347 1512 1613
193 257 1347 1460 1468
194 258 1347 1560 2417
195 259 1348 1718 1720
196 260 1348 1353 1597
197 261 1348 1885 2320
180 244 1349 1368 2480
185 249 1349 1599 1859
174 235 1349 1365 2257
198 262 1350 1629 2161
199 263 1350 1940 2476
200 264 1350 1785 2590
158 221 1351 1360 1581
163 225 1351 1353 2576
150 214 1351 1357 1756
201 265 1352 2150 2212
202 266 1352 1424 1719
203 267 1352 1896 2107
166 204 1353 1741 2127
76 268 1354 1984 2250
205 269 1354 1694 2291
206 270 1354 1844 2415
143 207 1355 1906 1999
144 208 1355 2079 2616
145 209 1355 2071 2171
146 210 1356 1904 2410
147 211 1356 2419 2447
148 212 1356 1493 1925
149 213 1357 2564 2628
151 215 1357 1997 2284
152 216 1358 2483 2617
153 217 1358 1950 1978
154 218 1358 1375 2189
114 155 1359 2034 2627
156 219 1359 1499 1855
157 220 1360 1636 2459
159 222 1360 1399 2187
160 223 1361 1898 2124
161 224 1361 1587 2602
143 162 1361 1748 1749
164 226 1362 2175 2179
165 227 1362 1675 2289
49 166 1362 1968 2488
167 228 1363 1873 2082
168 229 1363 2332 2518
169 230 1363 1893 2275
170 231 1364 1716 2408
171 232 1364 1913 2500
172 233 1364 1666 2130
173 234 1365 2261 2473
175 236 1365 1563 2079
176 237 1366 1753 2537
177 238 1366 1866 2555
178 239 1366 1604 2224
127 240 1367 2108 2239
86 241 1367 1870 2469
128 242 1367 2204 2205
179 243 1368 1438 1595
181 245 1368 1948 2000
182 246 1369 1502 2484
183 247 1369 1930 2623
184 248 1369 1814 2527
186 250 1370 1481 1959
187 251 1370 2120 2243
188 252 1370 2051 2476
271 424 1371 1401 1444
272 425 1371 1874 2238
273 426 1371 2039 2229
274 427 1372 2291 2614
275 378 1372 1902 2092
276 428 1372 1615 2293
277 389 1373 2535 2629
252 429 1373 1378 1993
278 430 1373 1542 2372
279 431 1374 2380 2577
271 280 1374 1539 2049
281 432 1374 1424 2393
282 420 1375 2197 2639
94 433 1375 1620 1832
283 434 1376 1735 2423
250 435 1376 1378 1820
284 436 1376 1513 2345
285 437 1377 2288 2441
105 286 1377 1532 2321
287 438 1377 1829 1846
251 418 1378 1393 2494
215 439 1379 2351 2360
288 440 1379 1457 2355
289 441 1379 1418 2579
290 442 1380 2063 2064
291 396 1380 2600 2609
208 443 1380 2286 2335
292 444 1381 1672 1975
293 445 1381 2190 2592
294 446 1381 1554 2396
295 447 1382 2482 2569
248 448 1382 1386 1882
296 449 1382 1813 2238
297 333 1383 1991 2058
56 298 1383 2221 2626
299 334 1383 1399 2342
300 335 1384 1484 1691
246 336 1384 1386 2574
301 337 1384 1839 2159
112 302 1385 1622 2312
303 450 1385 2294 2636
304 451 1385 1875 1876
247 452 1386 1695 2277
305 453 1387 1606 2115
306 454 1387 2381 2422
307 455 1387 1678 2571
288 308 1388 2188 2284
137 309 1388 1440 2522
310 456 1388 1534 1547
311 457 1389 1631 1711
312 458 1389 1506 1596
313 459 1389 1658 1810
314 460 1390 1577 1682
315 461 1390 1393 1562
316 371 1390 1890 2047
244 462 1391 1729 2105
249 463 1391 1891 2571
235 464 1391 1453 2013
193 255 1392 2309 2310
135 465 1392 1467 1576
317 466 1392 2260 2262
318 467 1393 1986 2443
319 468 1394 1960 2350
320 469 1394 2144 2505
366 601 1395 2014 2016
389 527 1395 1428 1443
470 602 1395 1982 1992
471 603 1396 1638 2085
472 604 1396 1792 2465
473 605 1396 1767 2425
474 606 1397 1736 2631
475 607 1397 1402 2236
384 523 1397 1427 2055
202 476 1398 2041 2092
477 608 1398 1800 2433
78 609 1398 1491 2556
195 478 1399 1655 2409
479 610 1400 1689 2458
480 611 1400 1402 1948
481 612 1400 1577 1715
482 613 1401 2160 2180
483 614 1401 1951 2142
484 615 1402 1418 2520
485 616 1403 1610 2597
486 617 1403 1905 2530
336 577 1404 1454 2372
452 581 1404 2045 2279
448 572 1404 1451 2288
462 592 1405 2062 2171
463 593 1405 2343 2541
464 594 1405 1636 1895
435 561 1406 1446 1962
418 548 1406 1411 1461
429 556 1406 1443 1942
487 618 1407 1469 2233
488 619 1407 2021 2198
46 489 1407 1839 2487
490 620 1408 1651 2393
491 621 1408 1811 2464
397 492 1408 1465 2600
493 622 1409 1546 1829
416 546 1409 1411 1980
494 623 1409 1823 2015
400 534 1410 1432 2078
405 537 1410 1961 2427
394 532 1410 1430 2103
417 547 1411 1834 2412
380 518 1412 1425 2033
191 383 1412 1439 2588
373 512 1412 1422 2153
446 571 1413 1450 1813
495 624 1413 1508 2145
419 549 1413 1438 2552
48 625 1414 1777 1849
328 496 1414 1570 1748
497 626 1414 1809 1940
116 498 1415 2196 2218
499 627 1415 1418 1831
500 628 1415 2129 2353
309 501 1416 1861 2088
265 422 1416 2153 2185
423 502 1416 1612 2441
210 629 1417 1524 2452
211 630 1417 1531 2217
212 631 1417 1662 2397
503 632 1419 2004 2006
504 633 1419 2206 2460
505 634 1419 2024 2323
0 506 1420 1490 1515
317 368 1420 1879 2242
369 507 1420 2200 2415
370 508 1421 2350 2533
371 509 1421 1459 2245
372 510 1421 1713 2400
242 511 1422 2518 2607
374 513 1422 1801 2580
375 514 1423 2101 2611
376 515 1423 1798 2211
377 516 1423 1467 2514
378 517 1424 1442 2459
161 379 1425 1985 2052
79 519 1425 1632 2556
381 520 1426 1856 2391
237 521 1426 1793 1860
382 522 1426 1938 2149
300 385 1427 1502 2507
386 524 1427 1525 2426
387 525 1428 2223 2224
388 526 1428 1954 2622
390 528 1429 1773 2132
391 529 1429 2394 2502
392 530 1429 1755 2526
393 531 1430 2331 2520
329 395 1430 1879 1881
305 396 1431 1449 1952
306 397 1431 1643 2468
307 398 1431 1513 1859
399 533 1432 1535 1958
153 401 1432 2268 2347
402 535 1433 1722 1831
403 536 1433 2090 2340
319 404 1433 2193 2244
50 538 1434 1557 2434
151 406 1434 1873 2098
407 539 1434 1778 2412
408 540 1435 2346 2372
409 541 1435 1486 2080
410 542 1435 1795 1806
411 543 1436 1731 1971
140 544 1436 1625 1692
412 545 1436 1762 1912
0 413 1437 1785 1816
368 414 1437 1439 1812
369 415 1437 2209 2285
420 550 1438 1445 1527
421 551 1439 1943 2508
138 422 1440 1540 2513
139 423 1440 2328 2329
424 552 1441 2146 2362
25 425 1441 1863 2151
426 553 1441 2525 2598
427 554 1442 1974 2198
428 555 1442 1769 2054
35 430 1443 2165 2472
19 431 1444 1822 1967
432 557 1444 1586 1838
218 558 1445 1538 2345
433 559 1445 2194 2293
434 560 1446 2065 2435
436 562 1446 1678 1840
437 563 1447 2328 2358
438 564 1447 1577 2506
70 439 1448 1759 2203
440 565 1448 1500 2580
441 566 1448 2404 2497
442 567 1449 2298 2349
443 568 1449 2240 2438
444 569 1450 1785 2419
445 570 1450 1794 2176
401 447 1451 1916 1919
449 573 1451 1863 1880
47 333 1452 2144 2487
334 574 1452 1720 2561
234 575 1453 1696 2263
236 576 1453 2213 2335
196 335 1454 1655 2042
337 578 1454 2442 2489
450 579 1455 1918 2149
451 580 1455 1834 2188
453 582 1456 2379 2432
454 583 1456 1743 2295
455 584 1456 1783 2343
137 585 1457 2271 2300
456 586 1457 1815 2563
457 587 1458 1688 1724
458 588 1458 1672 1750
459 589 1458 1870 1982
460 590 1459 1725 2428
461 591 1459 1461 1618
465 595 1460 1602 2427
466 596 1460 2156 2534
467 597 1461 1607 1770
254 598 1462 1987 2310
468 599 1462 1509 2174
469 600 1462 2114 2410
635 880 1463 1547 2258
636 881 1463 2461 2505
637 882 1464 2513 2542
638 883 1464 1504 2418
639 884 1464 1973 2583
600 885 1465 1470 2452
640 886 1465 2026 2619
641 887 1466 2253 2621
642 888 1466 2024 2093
643 889 1466 1595 2361
644 812 1467 1488 2423
645 890 1468 2140 2213
117 598 1468 1470 2196
82 806 1469 2274 2582
646 830 1469 2073 2299
599 727 1470 1485 2341
529 891 1471 1511 1852
647 892 1471 1622 2594
358 648 1471 1639 2317
85 893 1472 2342 2469
649 894 1472 2304 2421
508 666 1472 1489 1509
1 650 1473 2005 2445
635 651 1473 2100 2515
636 652 1473 1910 2496
653 895 1474 1847 2075
596 896 1474 1478 2255
654 691 1474 2192 2258
655 742 1475 1496 2302
549 875 1475 1583 1746
362 876 1475 1632 2277
256 897 1476 1677 1704
257 898 1476 1478 1645
129 258 1476 1559 2315
656 861 1477 1976 2264
490 657 1477 1921 2240
543 899 1477 2382 2384
294 595 1478 1945 2117
131 900 1479 2064 2251
658 901 1479 2009 2087
659 902 1480 2557 2580
660 739 1480 1609 2239
661 903 1480 2021 2030
283 662 1481 1982 2128
284 663 1481 1934 2189
364 866 1482 1670 2013
664 904 1482 1485 1914
665 905 1482 1858 2379
548 872 1483 1520 2138
597 821 1483 2087 2265
591 873 1483 1494 1507
478 523 1484 1521 2615
524 906 1484 1491 1686
59 666 1485 1647 1659
34 761 1486 1799 2524
667 907 1486 1848 2550
313 668 1487 1551 1579
669 908 1487 2135 2378
226 909 1487 2348 2511
670 838 1488 2131 2460
124 526 1488 1851 2002
51 509 1489 1494 2301
510 910 1489 1932 2566
264 911 1490 2035 2124
569 912 1490 1531 2267
671 913 1491 1853 2400
672 914 1492 2225 2585
590 915 1492 1494 2118
673 916 1492 1778 2269
674 917 1493 2531 2550
675 708 1493 1816 2327
325 676 1495 1996 2462
677 918 1495 1566 2619
678 919 1495 1589 2613
614 741 1496 2362 2363
679 743 1496 1687 2474
157 361 1497 1902 2013
158 680 1497 2020 2053
159 606 1497 1521 1881
681 710 1498 2122 2130
586 744 1498 1500 2391
682 745 1498 2135 2259
348 683 1499 2073 2082
684 746 1499 2265 2346
42 585 1500 2207 2486
685 747 1501 1841 2586
686 748 1501 1987 2091
687 749 1501 1908 2072
301 688 1502 1927 1937
15 862 1503 1863 1955
689 835 1503 1773 1830
364 690 1503 1887 2257
691 920 1504 1648 1915
692 921 1504 1507 1717
587 922 1505 2039 2059
588 923 1505 2072 2419
589 924 1505 1561 1735
292 693 1506 1698 1945
694 925 1506 2095 2606
695 926 1507 1702 2003
696 927 1508 1628 2307
44 928 1508 2436 2614
664 697 1509 1887 2152
165 698 1510 1741 1884
355 699 1510 2019 2432
87 356 1510 2001 2314
700 929 1511 1868 1935
701 930 1511 1516 2406
702 931 1512 2202 2245
703 932 1512 2025 2528
704 728 1513 1759 2554
10 933 1514 1956 2367
705 934 1514 1516 1839
706 707 1514 1816 1974
707 935 1515 1679 2322
708 845 1515 1662 1931
709 936 1516 1525 2075
233 800 1517 1707 2373
643 710 1517 1665 2365
37 577 1518 1597 2472
581 668 1518 2179 2460
572 737 1518 2268 2358
592 937 1519 1754 2514
354 593 1519 1913 1936
594 938 1519 1593 2622
561 939 1520 1805 1938
556 783 1520 2036 2173
299 607 1521 1627 2450
314 350 1522 1700 1846
340 351 1522 1891 1892
711 718 1523 2324 2388
712 940 1523 1525 2264
713 798 1523 1862 2498
714 941 1524 2068 2278
5 715 1524 1710 1856
679 716 1526 1951 2076
717 942 1526 1870 2559
718 943 1526 1683 2549
403 784 1527 1764 1780
787 1079 1527 2024 2025
806 993 1528 1599 1628
618 1007 1528 1568 2492
393 830 1528 2215 2540
819 944 1529 2045 2637
32 1080 1529 1534 1799
12 725 1529 2027 2157
945 1081 1530 1808 2386
832 946 1530 2007 2048
560 1082 1530 1698 1805
923 1059 1531 1549 2458
947 1083 1532 1534 1824
948 1084 1532 1864 2635
949 1085 1533 2127 2456
929 1063 1533 1676 2370
341 1086 1533 2018 2593
823 1002 1535 1575 2357
824 1003 1535 1613 1788
48 950 1536 2487 2604
496 829 1536 1611 2162
497 915 1536 1550 1573
951 1087 1537 2067 2512
803 991 1537 1598 1630
747 853 1537 1669 2235
216 1088 1538 2447 2575
217 716 1538 1541 2388
482 952 1539 1843 2032
483 953 1539 1541 2107
512 1089 1540 2139 2181
807 954 1540 2377 2446
955 1090 1541 2308 2437
956 1091 1542 1938 1990
957 1092 1542 2155 2282
913 1050 1543 1661 2566
760 958 1543 1761 2023
959 1093 1543 1963 2250
412 815 1544 1603 2083
960 1094 1544 1858 2204
961 1095 1544 2061 2342
878 901 1545 1584 1652
962 1096 1545 2282 2401
474 821 1545 1555 1571
516 997 1546 1585 1602
491 937 1546 1552 1921
792 1097 1547 2199 2270
565 1055 1548 1667 1998
744 1052 1548 1665 2177
922 1058 1549 2316 2598
924 945 1549 2065 2356
873 1026 1550 1555 1673
737 1070 1551 1950 2403
354 852 1552 1929 2269
125 938 1552 2002 2273
414 939 1553 1791 1964
872 1025 1553 1555 2299
783 1071 1553 1908 2405
296 898 1554 1650 2527
896 1035 1554 1648 2532
727 1033 1556 1656 2157
885 1030 1556 1643 2161
287 963 1557 2283 2545
493 964 1557 2454 2514
776 831 1558 1612 1792
965 1098 1558 2249 2509
514 1099 1558 1585 2259
130 868 1559 1564 2531
131 966 1559 1732 1734
967 1100 1560 2218 2471
241 1101 1561 2208 2607
942 1077 1561 1687 2601
839 867 1562 1564 2566
840 968 1562 2102 2584
253 645 1563 2310 2593
969 1102 1563 2401 2507
213 1021 1564 2351 2559
139 1103 1565 2300 2618
856 970 1565 2074 2227
318 971 1565 2243 2297
345 1013 1566 2463 2523
81 696 1566 1619 2582
851 1015 1567 2200 2219
360 1016 1567 1902 2230
774 852 1567 1811 1985
793 1009 1568 1614 2438
384 822 1568 1571 1626
869 1022 1569 1992 2361
870 1023 1569 2190 2297
871 1024 1569 1689 2421
816 998 1570 1837 2437
810 995 1570 1601 2481
475 746 1571 1668 1842
762 990 1572 1596 2324
156 802 1572 1608 2596
796 986 1572 1593 2085
199 914 1573 2281 2337
916 1051 1573 1985 1995
972 1104 1574 1871 2374
356 1062 1574 1675 2466
973 1105 1574 2030 2577
692 840 1575 1618 2192
874 1027 1575 1580 1727
84 1106 1576 2254 2469
136 405 1576 1765 2635
974 1107 1578 2201 2572
975 1108 1578 1580 1823
895 1034 1578 1648 2011
311 633 1579 1976 2272
312 838 1579 1617 2499
976 1109 1580 1589 2575
136 977 1581 1845 2148
948 978 1581 2333 2451
698 979 1582 1709 1714
699 980 1582 2115 2598
571 865 1583 1880 2267
624 648 1583 1674 2502
353 981 1584 1936 2327
327 879 1584 1705 1999
515 1110 1585 1775 2100
109 517 1586 2182 2311
266 637 1586 2057 2185
518 1111 1587 1589 2139
503 519 1587 2495 2620
245 1112 1588 1787 2105
729 1113 1588 1924 2475
297 611 1588 1721 2450
982 1114 1590 1711 2332
983 1115 1590 1818 2133
291 984 1590 2339 2616
4 985 1591 1806 2385
2 970 1591 1641 2329
711 794 1592 1950 2524
357 712 1592 1624 2570
713 795 1592 2129 2332
220 987 1593 2182 2638
797 988 1594 2479 2623
798 979 1594 1683 2246
799 989 1594 1691 1894
162 800 1595 1611 2052
773 801 1596 1942 2449
302 578 1597 2231 2491
804 992 1598 1722 2625
98 714 1598 1742 1904
351 805 1599 2325 2424
750 807 1600 2164 2402
763 808 1600 2048 2525
346 994 1600 2113 2590
809 850 1601 2232 2235
811 996 1601 2385 2387
693 812 1602 1617 2435
411 813 1603 2071 2133
140 814 1603 2234 2474
219 480 1604 1668 2167
817 999 1605 2619 2620
332 818 1605 1706 2473
669 819 1605 2179 2186
567 665 1606 1887 2444
568 1000 1606 2158 2393
26 684 1607 1608 2191
820 1001 1607 1841 2276
623 683 1608 1751 1763
825 1004 1609 2271 2333
826 1005 1610 1782 1818
43 827 1610 1840 2448
828 1006 1611 2305 2559
632 1008 1613 2272 2583
675 832 1614 2110 2470
833 981 1614 2009 2343
834 1010 1615 2333 2430
835 1011 1615 1670 1850
734 836 1616 2156 2319
222 735 1616 1720 2638
736 837 1616 1824 2627
124 694 1617 1789 2369
695 839 1618 2178 2214
495 841 1619 2396 2397
44 842 1619 2386 2448
843 846 1620 2063 2231
756 1012 1620 1842 2557
390 844 1621 2249 2630
391 631 1621 2145 2241
392 845 1621 1680 2230
846 1014 1622 2194 2298
502 847 1623 2005 2150
285 848 1623 1882 2283
709 849 1624 1752 2136
386 850 1624 1626 1869
141 415 1625 1837 1964
142 1017 1625 2248 2624
385 853 1626 1966 2163
854 961 1627 1728 1854
286 855 1628 2283 2451
856 1018 1629 1986 2216
857 951 1629 2177 2586
500 858 1630 2141 2296
795 859 1630 1635 2568
322 860 1631 2044 2418
343 861 1631 1651 1893
363 1019 1632 1996 2532
573 794 1633 1635 2268
862 1020 1633 1670 2131
3 863 1634 1779 2316
4 864 1634 1767 2295
357 865 1635 1639 2232
796 866 1636 1654 2589
133 742 1637 1664 2433
359 875 1637 1639 2071
504 876 1637 2279 2495
40 877 1638 1833 2081
96 805 1638 1970 2274
353 360 1640 1929 1931
361 878 1640 2257 2631
275 879 1640 1786 2050
880 1028 1641 1915 2563
881 1029 1641 2410 2585
72 882 1642 2555 2621
73 883 1642 1671 1889
74 884 1642 2012 2016
121 886 1643 1989 2636
887 1031 1644 1790 2183
888 984 1644 1994 2632
144 889 1644 1749 1760
890 1032 1645 1778 2519
100 891 1646 1676 1823
101 892 1646 2323 2440
102 358 1646 2408 2570
57 893 1647 2208 2561
58 894 1647 1980 2543
531 1036 1649 2134 2481
532 1037 1649 2137 2218
329 836 1649 2187 2262
272 897 1650 1782 2049
129 1038 1650 2251 2612
899 1039 1651 1757 1844
690 900 1652 2349 2485
902 1040 1653 1998 2479
739 1041 1653 1740 2528
903 1042 1653 1920 1959
904 1043 1654 1656 2456
471 905 1654 2266 2605
197 906 1655 1661 1703
541 1044 1657 1797 2383
761 1045 1657 2101 2324
907 1046 1657 2336 2367
470 908 1658 1835 2629
662 909 1658 2017 2463
910 1047 1659 2178 2282
722 911 1660 1969 2022
506 1048 1660 1680 2260
849 912 1660 2111 2232
609 1049 1661 1719 2620
844 917 1662 2336 2392
325 787 1663 2455 2639
123 918 1663 1989 2307
703 919 1663 1933 2239
132 741 1664 1761 2253
134 743 1664 1692 1693
745 869 1665 1835 2352
563 1053 1666 2403 2618
564 1054 1666 2428 2554
566 972 1667 2001 2626
348 484 1668 2215 2364
115 748 1669 2196 2577
749 1056 1669 2458 2633
920 1057 1671 2429 2560
781 921 1671 1673 2032
147 925 1672 2121 2617
834 926 1673 1830 2008
103 927 1674 1857 2321
928 1060 1674 1974 2248
355 1061 1675 1848 1939
930 1064 1676 1681 2250
53 931 1677 2125 2301
826 932 1677 1957 2390
728 1065 1678 2078 2562
933 1066 1679 1900 1903
934 1067 1679 1681 2442
935 1068 1680 1784 2567
936 1069 1681 1686 2011
89 719 1682 2314 2496
340 1072 1682 2541 2593
342 940 1683 1686 1893
941 1073 1684 2168 2530
629 1074 1684 2161 2241
350 603 1685 2325 2545
604 1075 1685 2096 2219
605 1076 1685 1806 2483
943 1078 1687 1712 1714
273 1116 1688 1865 2049
1114 1266 1688 1862 2609
1078 1267 1689 1693 1884
1117 1206 1690 2573 2636
476 1118 1690 1786 2413
779 1169 1690 1958 2287
1102 1268 1691 1708 2213
52 1119 1692 2301 2376
1077 1269 1693 1705 2356
1120 1270 1694 1730 1797
860 1121 1694 1976 2521
944 1122 1695 1871 2070
988 1139 1695 1709 1728
1123 1259 1696 1930 2612
732 1124 1696 2210 2511
542 1175 1697 2097 2383
316 1076 1697 1700 2575
985 1271 1697 2074 2558
1125 1192 1698 1716 2585
808 1126 1699 2229 2446
1127 1272 1699 2369 2405
946 1128 1699 1803 2065
315 1075 1700 2243 2399
221 1224 1701 2635 2638
225 1171 1701 1968 2569
214 1232 1701 1922 2351
689 1129 1702 2249 2485
1069 1178 1703 1738 1804
342 1179 1703 1714 1726
280 1003 1704 1739 2094
1008 1116 1704 1711 2016
780 1130 1706 2334 2484
231 347 1707 1907 2031
232 379 1707 2269 2547
680 1096 1708 2539 2631
753 1273 1708 1796 2106
204 989 1709 2042 2608
7 1058 1710 1808 2019
871 1131 1712 1923 2352
479 1132 1712 2072 2167
1133 1256 1713 1903 2334
767 1018 1713 1770 2067
775 1161 1715 1878 2095
324 784 1715 2037 2639
1134 1173 1716 1818 2591
1027 1177 1717 1866 2457
952 1002 1717 1739 2387
768 785 1718 2425 2526
380 786 1718 2504 2547
608 1274 1719 2102 2223
338 610 1721 2040 2477
339 612 1721 1780 2428
613 958 1722 1853 2362
194 1089 1723 2164 2309
967 1135 1723 2103 2375
322 791 1724 1889 2395
343 1275 1724 1726 1836
672 719 1725 2461 2466
673 1072 1725 1913 2140
230 1247 1726 1898 1928
987 1276 1727 1979 2273
1040 1277 1728 2084 2375
733 1189 1729 1943 2368
1136 1190 1729 2456 2630
843 1137 1730 2389 2489
290 1031 1730 1734 2616
359 656 1731 2206 2570
209 657 1731 1754 2286
658 1138 1732 1770 2305
661 788 1733 2010 2359
789 973 1733 2001 2091
97 1204 1734 1742 2097
602 1128 1735 1758 1899
395 1025 1736 1812 2540
1026 1187 1736 1809 2430
1073 1236 1737 1894 2152
700 1074 1737 2394 2490
8 1237 1737 1956 2424
304 1067 1738 1784 2491
1064 1193 1738 1768 1774
533 953 1739 1819 1978
99 1205 1740 1742 2229
41 1004 1740 1864 2486
164 1139 1741 2045 2061
1140 1278 1743 1882 1935
365 1279 1743 2014 2212
705 1141 1744 1937 2136
706 1081 1744 2110 2614
724 1122 1745 2623 2626
23 1142 1745 1771 2151
759 1280 1745 2170 2174
145 243 1746 1749 2105
550 813 1746 2147 2340
663 1143 1747 2017 2108
1144 1245 1747 2154 2339
538 1185 1747 1829 1997
327 1006 1748 2009 2601
687 773 1750 1776 2036
990 1132 1750 1855 2549
622 1281 1751 2464 2506
546 646 1751 2138 2501
722 755 1752 1817 2169
653 1048 1752 1755 2534
1145 1155 1753 1907 2211
1068 1282 1753 1755 1875
1146 1283 1754 1994 2144
1147 1263 1756 2363 2578
18 1148 1756 1804 1822
726 1219 1757 2157 2573
1149 1284 1757 2115 2116
1022 1167 1758 1760 2344
1150 1168 1758 2411 2618
400 1151 1759 1765 1919
409 552 1761 2407 2503
877 1094 1762 2266 2518
1095 1191 1762 2175 2561
1108 1176 1763 2354 2457
402 782 1764 2125 2180
404 777 1764 1924 2097
394 1152 1765 1802 2540
50 1085 1766 2488 2610
406 1063 1766 1768 1796
407 1086 1766 2140 2155
410 766 1767 2503 2555
559 815 1769 1854 2147
331 1153 1769 1953 2473
1154 1194 1771 1877 2318
268 1195 1771 1774 2195
118 227 1772 2348 2359
119 1061 1772 1792 2367
120 1062 1772 1941 2225
1098 1172 1773 2380 2439
501 1093 1774 2150 2166
1155 1196 1775 1860 2275
1156 1197 1775 2131 2476
685 1157 1776 1794 2429
686 1158 1776 1781 2478
46 1258 1777 2442 2492
47 640 1777 2114 2581
788 1159 1779 2289 2290
789 1160 1779 1781 2404
1161 1214 1780 1909 2617
723 1222 1781 1788 2169
141 562 1783 1805 2234
816 1065 1783 1827 2162
1066 1285 1784 2018 2120
207 1286 1786 1788 2286
642 1162 1787 2365 2455
125 775 1789 1811 2538
126 1287 1789 1916 1972
751 966 1790 2207 2417
383 522 1791 1901 2504
421 1091 1791 2165 2210
238 777 1793 1795 2037
239 729 1793 1948 2280
820 1023 1794 2344 2443
738 1163 1796 2358 2377
1164 1203 1797 1861 2510
270 651 1798 2143 2195
507 1180 1798 1800 2260
33 375 1799 2366 2546
968 1015 1800 2399 2544
1152 1165 1801 2148 2299
1107 1166 1801 2338 2354
513 1135 1802 1998 2181
1166 1239 1802 2119 2478
326 1167 1803 2079 2276
1168 1251 1803 1859 2222
1034 1209 1804 2354 2560
106 1055 1807 2374 2375
107 1052 1807 2361 2512
1059 1141 1808 2111 2477
75 1154 1809 1983 1984
717 1070 1810 2388 2564
1071 1211 1812 2254 2633
1035 1210 1813 2560 2594
848 1033 1814 1826 1872
1030 1140 1814 2381 2490
681 1083 1815 1896 2112
682 1080 1815 2101 2186
753 770 1817 2370 2401
754 771 1817 1819 2036
203 1169 1819 1824 2041
1170 1188 1820 2270 2416
1042 1225 1820 2084 2334
1171 1288 1821 1828 1916
49 1143 1821 2348 2434
17 1172 1822 1850 2297
1115 1208 1825 1971 2609
346 1173 1825 2031 2446
1005 1181 1825 1874 2330
847 1219 1826 1963 2077
95 1307 1827 1832 2374
534 955 1827 1978 2137
1224 1295 1828 1961 1979
69 1232 1828 2203 2420
93 276 1830 1832 2050
38 229 1833 1862 1928
39 511 1833 2181 2634
974 1282 1834 1847 1860
30 1243 1835 2398 2441
620 1217 1836 1838 2468
650 1039 1836 2077 2143
352 584 1837 1936 1949
764 1000 1838 2303 2379
558 814 1840 2076 2147
570 809 1841 2267 2493
36 540 1842 2383 2472
996 1297 1843 1869 2558
1229 1296 1843 1849 2247
344 730 1844 2280 2523
135 551 1845 2038 2242
481 1242 1846 2167 2538
530 975 1847 1852 2551
1207 1230 1849 1971 2174
494 528 1850 1852 2454
525 731 1851 2280 2521
527 1127 1851 1899 2173
959 1289 1853 2406 2573
960 1014 1854 2440 2444
986 1242 1855 2273 2545
123 367 1857 2025 2603
720 1183 1857 2423 2496
71 1290 1858 2517 2543
1202 1233 1861 1973 2003
1010 1302 1864 2054 2625
601 1126 1865 1899 2591
324 1276 1866 2462 2538
539 1186 1867 1995 1997
752 977 1867 2020 2508
547 1165 1867 2138 2201
949 1236 1868 1914 2608
341 1237 1868 1892 1903
54 995 1869 1947 2221
83 855 1872 2318 2582
963 1043 1872 2085 2610
308 1193 1873 1876 2088
77 1142 1874 1981 1984
417 1285 1875 2155 2494
1178 1300 1876 1885 2104
626 779 1877 1946 2029
1187 1299 1877 1881 2625
621 1184 1878 2468 2592
774 1238 1878 2544 2602
330 1211 1879 2184 2578
859 1210 1880 2237 2323
676 735 1883 1979 2056
574 677 1883 2226 2581
259 678 1883 2033 2306
1159 1179 1884 1885 2060
134 205 1886 2043 2252
274 1269 1886 2050 2386
1267 1301 1886 2040 2289
969 1087 1888 2163 2529
1216 1223 1889 1910 2606
1088 1304 1890 2076 2217
702 1109 1890 1933 2457
104 993 1891 2321 2331
1246 1260 1894 1897 2510
388 575 1895 2046 2535
576 1308 1895 2438 2519
736 1244 1896 1897 2056
1196 1248 1898 2089 2572
1046 1292 1900 2086 2630
520 1198 1901 1970 2177
521 1298 1901 1924 2572
715 1291 1904 2316 2517
553 667 1905 2019 2407
674 763 1905 1944 2470
223 723 1906 1926 2022
224 824 1906 1911 2006
754 757 1908 2106 2107
1184 1213 1909 2176 2422
823 1238 1909 1911 2584
320 1113 1910 1991 2244
399 1228 1911 1919 2029
387 1261 1912 2433 2535
1136 1262 1914 2336 2480
1157 1235 1915 2190 2449
947 1194 1917 2287 2451
310 1195 1917 2088 2515
121 365 1918 2381 2603
201 1206 1918 1963 2041
1105 1130 1920 1941 1967
9 1133 1920 1956 2216
492 1283 1921 2114 2339
1220 1263 1922 1927 2253
649 1240 1923 1988 2533
1292 1309 1923 2120 2132
330 1215 1925 1927 2262
841 1293 1925 2117 2414
1160 1247 1926 2060 2579
1158 1248 1926 2338 2449
228 289 1928 2284 2364
352 851 1929 2285 2465
362 1234 1930 1977 2552
765 1294 1931 2303 2615
957 1256 1932 2018 2326
767 962 1932 2087 2529
192 1111 1933 2006 2309
398 1245 1934 2411 2600
704 1185 1934 2360 2506
770 1231 1935 1969 2529
338 489 1937 2058 2599
831 1250 1939 2005 2611
472 582 1939 1949 2605
1051 1228 1940 2482 2602
818 1104 1941 2565 2637
771 778 1942 1958 1969
732 1265 1943 2046 2463
750 868 1944 2417 2628
994 1257 1944 2116 2124
293 997 1945 2109 2464
625 1117 1946 2026 2553
328 1118 1946 1947 1999
998 1310 1947 1953 2285
583 1201 1949 2069 2385
655 1090 1951 1953 2552
980 1266 1952 2039 2246
1149 1208 1952 2113 2382
16 670 1954 1955 2279
644 1265 1954 2038 2128
14 1156 1955 2211 2281
983 1079 1957 2340 2632
367 1134 1957 2014 2431
619 1170 1959 2492 2516
535 759 1960 1981 2023
536 1230 1960 2133 2604
1084 1264 1961 2112 2228
382 1188 1962 2294 2537
956 1225 1962 2326 2597
413 1082 1964 1975 2110
376 1226 1965 2415 2546
772 1145 1965 2408 2567
14 1227 1965 2028 2225
688 1056 1966 2477 2578
111 260 1968 2306 2312
473 764 1972 2292 2605
765 785 1972 2230 2409
261 1254 1973 2290 2306
200 1192 1975 2031 2337
363 734 1977 2056 2255
740 1024 1980 2040 2344
627 724 1981 2497 2548
1047 1252 1983 2003 2539
1103 1138 1986 2207 2222
498 1239 1987 2103 2296
321 790 1988 2298 2395
122 999 1989 2004 2378
1124 1241 1990 2175 2261
616 1182 1990 2330 2453
1112 1146 1991 2093 2171
1150 1243 1992 2154 2328
801 1197 1993 2089 2499
263 778 1993 2029 2035
29 1144 1994 2398 2434
295 1032 1995 2527 2576
1162 1244 1996 2000 2122
11 1246 2000 2027 2608
126 1249 2002 2303 2569
639 1049 2004 2057 2320
326 793 2007 2233 2335
833 1251 2007 2305 2571
978 1252 2008 2020 2318
825 1202 2008 2012 2522
659 1253 2010 2353 2355
660 1254 2010 2012 2613
1148 1255 2011 2172 2380
802 1011 2015 2054 2589
721 1257 2022 2366 2531
758 992 2023 2278 2595
303 1258 2026 2416 2491
13 1203 2027 2099 2522
15 1038 2028 2238 2485
16 1259 2028 2046 2277
782 1177 2032 2037 2202
768 976 2033 2483 2551
113 1264 2034 2126 2130
262 1231 2035 2067 2490
377 1189 2038 2062 2546
163 1268 2042 2053 2519
206 544 2043 2209 2384
321 1270 2044 2063 2099
269 323 2044 2195 2198
370 1175 2047 2193 2256
372 1271 2047 2216 2220
1221 1272 2048 2254 2606
277 332 2051 2263 2378
278 780 2051 2326 2574
160 347 2052 2275 2590
150 1273 2053 2098 2172
1009 1294 2055 2158 2327
1007 1212 2055 2331 2416
638 1274 2057 2192 2521
339 950 2058 2090 2118
791 1291 2059 2199 2536
863 1275 2059 2060 2445
1241 1277 2061 2471 2597
964 1190 2062 2132 2610
1204 1303 2064 2068 2193
485 1041 2066 2084 2390
486 1205 2066 2068 2525
1163 1278 2069 2288 2370
954 1279 2069 2153 2591
725 1280 2070 2341 2510
1174 1281 2073 2554 2592
755 1255 2075 2106 2509
1250 1284 2077 2366 2432
760 1164 2080 2166 2170
132 1120 2080 2183 2252
344 545 2081 2224 2384
345 1191 2081 2226 2511
349 1176 2082 2119 2202
110 555 2083 2311 2596
331 1261 2083 2263 2302
1044 1240 2086 2099 2256
1045 1131 2086 2259 2549
1110 1235 2089 2109 2258
1214 1305 2090 2357 2447
279 1222 2091 2094 2509
281 1286 2092 2094 2240
152 1287 2095 2347 2425
776 971 2096 2329 2439
149 738 2098 2402 2403
654 1180 2100 2102 2534
858 1209 2104 2119 2237
154 1288 2108 2347 2371
870 1099 2109 2352 2439
630 1306 2111 2241 2247
24 1181 2113 2151 2624
537 1313 2117 2126 2137
829 1054 2118 2373 2562
146 1216 2121 2505 2536
148 1221 2121 2184 2470
267 1316 2122 2142 2185
652 730 2123 2143 2475
1013 1183 2123 2128 2307
349 499 2125 2296 2364
282 1295 2126 2371 2462
991 1312 2129 2163 2278
1199 1212 2134 2294 2615
701 1306 2136 2376 2394
27 1315 2141 2191 2420
1253 1300 2141 2188 2290
757 1147 2142 2172 2633
1218 1311 2145 2255 2489
557 766 2146 2292 2542
1151 1186 2148 2360 2482
786 1199 2149 2409 2500
617 1262 2152 2453 2550
1215 1311 2156 2159 2397
1249 1308 2158 2576 2622
1137 1220 2159 2183 2420
671 1297 2160 2220 2426
1289 1296 2160 2376 2553
810 1200 2162 2493 2520
138 751 2164 2300 2621
752 1092 2165 2412 2539
1050 1233 2166 2178 2320
799 1312 2168 2498 2507
758 1260 2168 2170 2627
721 965 2169 2392 2611
1174 1200 2176 2215 2562
781 804 2180 2430 2587
769 874 2182 2551 2584
1106 1293 2184 2208 2427
837 1299 2187 2287 2595
240 1318 2189 2528 2607
28 408 2191 2503 2574
854 1012 2194 2236 2479
419 1313 2197 2308 2396
790 1290 2199 2304 2444
477 1310 2200 2302 2413
374 580 2201 2205 2355
68 1021 2203 2214 2601
373 579 2205 2212 2504
133 1121 2206 2223 2252
1017 1226 2209 2368 2467
733 1182 2210 2480 2624
130 1129 2214 2251 2392
1229 1305 2217 2387 2604
1314 1319 2219 2220 2402
55 1036 2221 2319 2500
828 1053 2222 2373 2564
857 1028 2227 2391 2429
198 1029 2227 2337 2452
155 1302 2228 2595 2596
647 1218 2231 2502 2532
822 1001 2233 2235 2265
43 142 2234 2330 2436
803 1057 2237 2586 2587
190 1298 2244 2338 2588
1119 1304 2245 2247 2474
88 1317 2248 2314 2315
1100 1123 2261 2313 2315
634 982 2272 2568 2632
487 740 2276 2501 2599
488 1301 2291 2359 2599
864 1217 2292 2422 2445
1153 1307 2293 2437 2565
811 1213 2295 2357 2493
1037 1234 2308 2313 2319
108 554 2311 2322 2516
772 1060 2317 2322 2467
726 1207 2341 2382 2553
827 1318 2345 2390 2634
756 1315 2346 2353 2389
697 1303 2349 2350 2530
842 1101 2356 2414 2634
641 1316 2363 2365 2513
731 1223 2369 2418 2475
1201 1314 2377 2465 2558
323 792 2395 2515 2516
867 1319 2399 2400 2628
416 1309 2421 2454 2494
189 1198 2424 2512 2588
720 1125 2431 2435 2461
298 615 2450 2481 2497
505 1019 2455 2495 2594
769 1016 2459 2526 2544
1227 1317 2466 2467 2612
628 797 2498 2548 2557
762 1020 2499 2524 2589
381 1097 2517 2537 2563
80 817 2556 2581 2637
122 366 2583 2603 2629
