4 79 80 157 164
8 45 69 165 174
47 70 104 166 167
6 11 64 120 184
12 65 104 120 185
1 14 19 121 198
15 71 96 121 199
18 73 75 122 194
2 89 116 122 191
15 23 78 123 195
3 16 21 123 209
4 24 75 124 192
25 92 116 124 136
5 28 36 125 129
6 29 34 125 189
8 30 112 126 128
28 97 115 126 187
34 99 101 127 221
9 35 70 127 190
7 10 108 128 218
30 41 103 129 228
9 12 38 130 131
10 26 31 130 155
11 42 101 131 230
43 108 109 132 229
30 44 76 132 148
13 25 59 133 141
14 47 60 133 239
15 49 52 134 135
16 50 56 134 177
19 51 117 135 236
47 100 117 136 178
52 66 119 137 140
17 56 91 137 202
18 20 22 138 139
13 58 89 138 211
17 21 68 139 143
51 60 65 140 171
20 24 62 141 144
21 45 53 142 237
22 46 54 142 176
23 66 67 143 226
68 69 84 144 222
51 70 102 145 173
0 52 63 145 172
26 43 71 146 159
27 44 86 146 152
28 73 80 147 148
2 29 87 147 207
12 40 77 149 232
31 78 83 149 203
36 79 111 150 231
34 37 39 150 154
73 111 114 151 233
2 39 82 151 160
80 93 105 152 213
32 35 40 153 154
33 67 83 153 222
27 74 112 155 225
32 38 90 156 158
26 33 95 156 223
37 87 92 157 215
37 42 89 158 163
1 38 81 159 196
1 40 72 160 200
16 41 86 161 199
36 93 94 161 221
14 90 107 162 211
95 96 108 162 228
18 57 79 163 202
3 44 91 164 193
46 62 97 165 179
0 48 109 166 181
25 64 99 167 169
7 48 49 168 178
8 50 110 168 224
24 54 93 169 212
50 53 103 170 214
5 54 98 170 184
6 59 106 171 183
45 56 61 172 180
87 99 106 173 213
7 33 63 174 220
55 58 64 175 176
81 104 107 175 229
57 94 98 177 230
55 59 113 179 186
46 57 114 180 234
61 76 110 181 233
0 10 67 182 190
61 68 112 182 188
5 62 105 183 219
31 66 109 185 235
60 77 81 186 197
29 113 118 187 205
20 114 115 188 238
35 65 85 189 226
72 90 117 191 210
3 74 84 192 203
43 78 119 193 197
17 74 76 194 235
19 77 85 195 205
42 55 82 196 234
13 82 118 198 238
71 83 88 200 206
48 96 119 201 239
41 91 110 201 231
75 105 115 204 225
106 116 118 204 236
53 84 86 206 212
72 85 102 207 208
23 63 88 208 237
4 22 94 209 216
49 88 95 210 214
32 100 102 215 220
58 92 101 216 227
97 98 111 217 224
11 39 113 217 232
9 100 107 218 227
27 69 103 219 223
