3 4 164 192 209
5 6 125 183 184
7 8 128 168 174
9 10 130 190 218
11 12 120 131 232
13 14 133 198 211
15 16 123 134 199
17 18 139 194 202
15 19 121 135 195
13 20 138 141 238
21 22 139 142 209
21 23 123 143 237
24 25 124 141 169
26 27 146 155 223
28 29 125 147 187
28 30 126 129 148
12 31 130 149 185
32 33 153 156 220
34 35 127 154 189
34 36 125 150 221
32 37 154 158 215
26 38 130 156 159
39 40 154 160 232
36 41 129 161 231
38 42 131 158 196
43 44 132 146 193
45 46 142 165 180
47 48 166 178 239
25 47 133 136 167
49 50 134 168 214
51 52 135 140 145
53 54 142 170 212
46 55 176 179 234
56 57 177 180 202
52 56 134 137 172
22 58 138 176 216
59 60 133 171 186
0 61 172 181 182
59 62 141 179 183
45 63 172 174 237
54 64 169 176 184
65 66 140 185 226
67 68 143 182 222
62 69 144 165 219
0 70 145 166 190
1 71 121 159 200
2 72 160 191 207
2 73 122 147 151
74 75 192 194 225
73 76 148 194 233
77 78 149 195 197
37 79 150 157 163
44 80 148 152 164
43 81 159 197 229
1 82 160 196 198
83 84 203 206 222
40 83 149 153 200
29 85 189 205 207
31 74 155 203 235
71 86 146 199 206
80 87 147 157 213
72 88 200 208 210
89 90 158 191 211
79 91 164 202 231
3 78 123 193 203
4 92 124 157 216
86 93 152 161 212
16 94 161 177 209
90 95 156 162 210
14 96 121 162 239
18 89 122 138 163
8 97 126 165 224
11 98 184 217 230
70 99 127 167 173
7 100 178 218 220
9 101 127 131 227
63 102 145 208 220
93 99 169 213 221
5 103 129 170 219
6 65 120 171 189
64 104 120 167 175
105 106 183 204 213
33 69 174 222 223
50 98 170 177 224
107 108 162 218 229
94 101 216 221 230
104 109 166 185 229
48 110 168 181 201
110 111 224 231 233
10 112 128 155 182
97 113 179 187 217
35 67 153 190 226
76 109 132 181 235
55 81 175 186 196
77 113 186 205 232
61 114 180 188 233
112 115 126 188 225
116 117 136 191 236
19 118 198 205 236
91 119 137 193 201
82 114 151 234 238
17 66 137 143 235
42 57 163 230 234
60 119 140 197 239
75 116 122 124 204
58 107 175 211 227
41 96 199 201 228
115 118 187 204 238
20 68 139 144 188
24 84 144 192 212
23 85 195 208 226
51 106 171 173 236
49 117 135 178 210
53 88 206 214 237
87 102 173 207 215
92 100 136 215 227
30 108 128 132 228
39 111 150 151 217
95 103 214 223 228
27 105 152 219 225
