2 3 4 337 371 406
5 6 7 336 339 449
8 9 10 336 343 439
11 12 13 337 341 516
14 15 16 342 438 517
17 18 19 339 347 589
20 21 22 337 340 348
23 24 25 338 349 590
26 27 28 339 359 575
29 30 31 340 360 576
32 33 34 338 361 433
35 36 37 341 353 465
38 39 40 342 354 453
41 42 43 343 355 597
44 45 46 356 450 567
47 48 49 357 466 550
50 51 52 358 418 574
0 53 54 347 371 499
55 56 57 348 372 474
33 58 59 349 373 601
60 61 62 341 350 374
63 64 65 342 351 375
66 67 68 343 352 376
69 70 71 344 377 485
72 73 74 345 378 552
75 76 77 346 379 661
78 79 80 347 405 583
35 81 82 348 406 522
83 84 85 349 407 625
86 87 88 350 408 606
89 90 91 351 409 513
92 93 94 352 405 410
42 73 95 344 411 568
96 97 98 345 379 412
99 100 101 346 413 569
1 102 103 336 353 376
51 104 105 354 389 608
76 106 107 355 390 520
79 108 109 356 391 593
110 111 112 357 392 594
113 114 115 358 393 587
31 116 117 359 394 641
118 119 120 360 364 395
121 122 123 361 369 426
103 124 125 396 497 665
29 126 127 393 397 463
79 128 129 398 526 560
85 130 131 399 433 608
132 133 134 400 598 660
135 136 137 401 403 472
35 138 139 402 502 540
93 140 141 391 403 541
112 142 143 404 542 584
67 144 145 372 438 634
122 146 147 373 439 482
148 149 150 374 387 507
151 152 153 375 440 604
14 154 155 376 432 441
74 132 156 377 442 513
157 158 159 378 443 668
2 160 161 353 380 444
45 72 162 354 381 445
100 150 163 355 382 415
164 165 166 356 383 446
167 168 169 357 384 447
49 170 171 358 385 448
0 172 173 359 386 449
125 174 175 360 387 450
153 176 177 361 388 451
150 178 179 362 367 622
0 180 181 363 452 493
165 182 183 364 445 453
184 185 186 365 392 454
187 188 189 362 366 455
175 190 191 367 456 642
59 119 192 368 457 670
10 193 194 369 458 506
195 196 197 370 459 652
6 198 199 371 514 643
93 196 200 372 398 486
176 201 202 373 504 515
71 188 203 374 516 597
204 205 206 375 517 542
12 98 207 377 518 543
183 208 209 378 519 670
140 210 211 379 501 655
135 199 212 380 520 659
96 213 214 381 521 547
11 188 215 382 522 581
15 120 216 383 523 642
217 218 219 384 524 628
220 221 222 385 525 614
18 78 223 386 514 526
224 225 226 387 486 511
206 227 228 388 515 527
16 78 229 363 528 545
147 230 231 365 457 529
43 232 233 346 366 458
139 226 234 367 459 530
84 174 235 368 531 627
47 57 236 369 465 532
124 157 237 370 533 663
114 214 238 340 389 450
97 239 240 338 390 451
241 242 243 392 480 655
20 124 244 393 481 580
120 167 245 394 482 644
230 246 247 395 483 647
7 44 248 396 484 602
61 118 249 397 485 518
50 250 251 399 487 610
80 205 218 400 488 667
65 128 252 401 489 528
1 253 254 402 490 638
127 161 224 350 403 497
30 243 255 404 491 521
1 219 256 406 492 577
251 257 258 407 468 659
27 236 259 408 419 493
260 261 262 409 420 494
224 263 264 410 421 495
107 158 204 411 432 553
25 265 266 412 433 554
217 229 237 413 434 555
119 136 267 435 491 496
37 115 148 408 476 497
8 152 268 490 498 605
174 269 270 381 491 510
27 106 271 499 507 514
40 184 272 436 539 557
67 97 262 500 541 568
11 195 268 502 569 580
273 274 275 453 503 614
256 276 277 504 600 654
33 38 278 505 607 624
80 103 242 461 506 615
225 279 280 385 510 616
41 88 222 507 511 561
96 171 268 508 633 653
61 187 274 428 509 573
19 68 108 458 461 484
149 246 281 485 510 525
162 176 233 505 512 613
219 235 282 513 551 566
280 283 284 440 550 565
38 131 160 441 574 609
88 159 218 442 495 575
26 143 285 424 443 576
13 52 60 444 476 522
109 157 286 445 477 639
175 217 287 394 415 429
66 275 288 446 561 577
130 179 289 447 578 626
112 163 208 411 448 579
3 290 291 449 566 580
73 228 280 451 460 483
3 292 293 452 581 628
70 212 294 437 454 582
81 216 295 455 481 566
46 133 198 456 534 583
49 158 296 389 460 584
54 140 155 380 390 461
23 242 297 391 462 585
70 146 298 395 464 536
10 114 295 396 466 586
87 125 276 397 421 587
17 237 297 386 398 467
299 300 301 399 468 554
142 293 302 400 416 469
55 76 91 401 470 541
2 179 284 402 471 588
58 186 303 404 464 473
128 193 297 405 474 589
109 260 300 407 475 590
141 285 304 409 463 477
46 137 305 410 429 560
34 249 255 412 478 591
278 292 306 366 413 479
12 307 308 414 428 660
215 255 309 416 430 508
117 129 261 417 548 555
82 130 231 418 592 630
18 83 194 419 585 593
95 258 310 420 454 594
170 308 311 422 487 572
15 193 312 423 488 595
17 206 261 363 424 489
21 159 313 414 425 596
226 289 292 415 426 597
282 303 314 416 427 598
36 178 221 428 550 599
82 267 315 430 596 600
22 178 234 431 540 588
143 240 316 432 515 601
173 305 317 434 602 620
127 183 306 435 573 663
63 105 212 436 441 553
139 160 246 437 565 599
102 190 318 438 599 643
47 286 319 439 644 671
116 239 320 440 499 623
209 288 293 442 551 629
154 315 321 443 638 645
22 86 283 444 465 641
40 92 317 446 528 567
51 122 189 447 466 505
169 192 215 418 448 551
6 123 322 419 452 658
13 48 191 455 588 646
197 238 307 431 456 668
50 202 298 457 612 651
121 144 294 423 459 648
208 221 323 460 572 647
32 56 185 462 630 648
136 272 324 351 463 480
95 134 201 464 537 542
26 56 306 467 596 649
110 145 311 468 532 562
322 325 326 469 503 625
81 100 132 470 516 628
189 199 320 471 618 631
151 251 269 472 559 650
83 147 327 473 639 657
110 165 304 475 557 644
62 171 203 382 476 511
23 245 321 473 477 623
151 238 328 429 553 641
131 276 303 478 645 651
123 267 281 479 591 603
173 248 285 417 533 570
180 220 313 422 479 494
57 190 329 423 540 652
24 30 209 368 425 601
129 291 327 370 427 602
52 254 270 430 565 653
31 144 187 431 642 649
223 252 328 434 520 548
45 89 258 436 475 531
55 166 248 352 481 560
186 247 289 344 482 579
69 177 270 345 483 591
113 134 301 487 619 651
28 94 164 484 488 620
153 200 310 489 616 648
5 99 330 467 490 666
5 90 201 424 492 617
116 213 311 493 621 650
62 168 307 362 495 646
65 230 277 388 496 539
41 138 284 498 530 622
14 25 220 500 624 636
161 185 302 501 611 615
7 94 324 506 544 570
138 163 265 508 626 669
149 216 325 509 563 627
77 228 286 512 529 564
164 181 316 517 629 637
36 182 266 518 609 671
192 274 331 519 572 610
21 211 265 521 543 630
39 235 247 519 523 552
28 90 305 417 524 544
271 278 318 525 545 631
53 92 314 526 534 546
181 210 296 469 527 547
9 177 332 529 568 658
203 254 329 530 569 662
98 296 304 564 571 632
75 225 290 627 633 666
111 239 330 462 616 640
211 245 323 365 564 621
9 197 257 634 639 643
205 244 319 383 605 619
53 233 257 593 631 635
204 279 300 559 594 636
44 202 259 587 637 657
66 309 320 498 546 638
126 142 266 478 619 632
223 295 321 427 533 618
54 152 168 471 640 667
243 287 331 472 579 621
48 106 253 618 622 640
262 308 333 537 556 614
154 169 326 577 584 608
71 191 250 509 578 660
156 312 328 524 582 606
58 172 324 576 585 617
8 156 333 492 536 561
20 43 282 470 581 586
207 319 334 364 536 554
172 200 232 589 649 666
141 313 334 435 556 590
167 180 196 426 532 555
250 256 332 503 537 592
39 87 232 549 573 595
91 298 335 496 556 598
194 269 277 480 603 613
121 137 330 474 486 604
24 229 273 494 607 656
34 102 273 500 609 658
135 231 325 501 610 661
60 294 309 502 611 662
113 227 333 504 538 612
101 182 240 512 558 607
64 146 290 523 605 617
16 241 323 527 539 562
74 214 260 425 531 571
4 263 335 414 534 600
63 85 281 535 559 624
210 222 244 538 563 633
19 64 264 544 595 667
86 310 314 548 611 664
75 104 259 547 549 625
69 89 104 535 552 571
126 241 275 538 557 654
166 271 302 546 563 583
105 263 327 567 645 668
29 68 291 570 586 665
162 283 301 574 650 671
148 312 315 421 575 662
42 234 299 578 634 669
107 207 329 558 582 669
4 77 299 543 592 635
236 279 335 422 603 664
117 264 288 384 606 620
170 316 334 612 636 670
108 213 227 613 637 655
118 155 195 437 558 665
184 318 331 562 647 659
72 99 115 549 653 663
32 253 287 604 623 626
37 111 133 615 646 664
101 145 198 545 635 652
59 317 322 629 656 657
84 252 332 420 656 661
249 272 326 535 632 654
