73 95 208 209 350 352 355 463
37 85 126 134 366 368 468 490
43 108 122 150 379 382 486 535
148 181 295 317 336 388 653 654
49 77 175 213 336 351 383 597
11 25 97 214 336 349 363 425
36 80 185 260 336 357 401 402
14 32 104 266 337 348 421 461
7 105 107 135 337 365 599 644
106 130 183 253 337 376 437 609
89 107 175 254 337 370 429 430
45 116 152 237 338 452 545 641
2 223 246 285 338 378 624 638
2 119 233 248 338 359 418 655
23 91 227 286 338 343 425 462
86 106 262 282 339 355 448 536
41 130 178 188 339 340 575 592
3 59 198 324 339 397 432 659
113 224 236 241 339 363 408 479
92 131 232 238 340 388 546 650
101 165 181 189 340 342 416 560
132 133 160 220 340 400 495 496
38 42 168 216 341 364 401 418
43 45 153 245 341 350 379 384
44 78 93 319 341 387 414 519
45 79 217 274 341 409 438 455
20 40 99 131 342 453 501 512
102 115 116 287 342 352 358 359
103 170 179 193 342 404 505 506
1 51 84 140 343 368 513 532
29 47 109 231 343 344 382 479
0 88 92 198 343 376 436 538
30 164 206 228 344 421 582 648
14 164 215 232 344 346 447 661
31 69 128 186 344 405 428 496
24 175 239 260 345 377 429 449
73 182 229 251 345 409 434 468
230 261 296 304 345 445 564 601
102 137 191 285 345 361 439 559
178 206 231 333 346 547 553 623
75 127 181 232 346 366 371 372
5 69 114 220 346 432 484 549
46 102 217 268 347 382 498 515
11 58 59 119 347 348 394 622
123 147 241 255 347 459 548 637
119 123 124 149 347 359 361 444
12 38 196 283 348 452 490 570
13 69 184 325 348 350 471 650
12 108 121 298 349 358 535 564
13 141 192 316 349 409 576 598
14 245 258 292 349 465 593 594
27 160 267 301 350 426 436 542
114 193 229 260 351 352 565 572
200 230 271 290 351 400 555 600
137 201 216 255 351 397 483 586
35 194 261 310 352 354 490 591
15 67 151 244 353 398 408 492
16 122 142 299 353 456 481 654
17 152 226 305 353 488 562 621
18 153 163 290 353 484 573 582
101 155 192 219 354 410 515 525
52 170 237 276 354 388 392 393
20 200 207 221 354 423 426 613
34 88 257 263 355 357 370 649
210 264 269 277 355 390 474 475
9 66 162 262 356 362 406 495
26 76 98 130 356 501 597 615
60 198 222 295 356 364 446 534
173 177 224 309 356 494 504 554
21 202 247 265 357 427 443 582
1 93 261 267 357 453 498 628
68 109 117 264 358 362 516 627
98 110 112 118 358 391 396 414
23 124 243 330 359 386 466 467
79 190 211 332 360 415 438 526
10 24 120 199 360 365 425 518
72 121 131 162 360 525 542 557
13 35 122 189 360 422 520 545
39 74 123 240 361 363 410 411
124 192 249 275 361 380 460 585
65 73 113 136 362 402 431 469
31 67 219 263 362 461 513 555
46 172 201 223 363 384 420 505
28 92 143 225 364 551 635 639
226 234 276 301 364 440 508 564
8 89 171 235 365 366 417 578
9 82 136 196 365 428 530 631
4 86 100 299 366 367 391 540
3 67 204 209 367 440 556 568
5 34 205 305 367 383 387 421
6 136 210 290 367 480 493 539
87 159 258 307 368 370 458 495
40 48 76 246 368 411 413 529
51 134 208 320 369 375 433 496
47 106 140 174 369 494 547 644
23 88 148 159 369 377 563 574
0 83 246 269 369 393 492 548
90 166 230 259 370 544 584 623
74 131 178 284 371 437 504 576
76 143 181 287 371 375 521 557
16 77 170 220 371 423 424 445
49 190 275 317 372 385 449 668
25 249 250 283 372 374 381 466
36 52 111 289 372 509 606 658
110 142 286 318 373 446 507 559
314 327 328 329 373 389 420 609
66 178 293 320 373 568 643 653
4 316 329 331 373 464 470 476
58 120 147 223 374 394 455 630
184 224 256 269 374 376 440 441
74 266 270 311 374 410 491 597
126 229 235 297 375 430 587 614
194 204 299 307 375 530 552 555
78 208 255 262 376 434 451 484
22 34 202 238 377 419 590 618
25 166 237 267 377 416 504 581
25 42 149 151 378 379 521 524
30 39 187 224 378 435 461 497
74 125 275 321 378 459 528 646
44 108 141 152 379 381 488 559
44 54 239 310 380 476 527 641
118 276 277 281 380 552 584 671
55 138 207 248 380 393 395 532
79 118 141 284 381 415 452 456
141 245 248 251 381 483 581 610
7 110 211 312 382 406 454 578
48 159 304 308 383 542 608 624
33 50 166 306 383 575 587 590
47 233 247 252 384 386 441 583
7 227 228 313 384 516 616 636
5 259 274 293 385 470 517 593
48 118 147 334 385 523 596 655
50 242 265 272 385 600 609 645
50 51 70 115 386 549 613 615
0 297 304 330 386 500 567 595
21 82 312 329 387 462 481 617
18 172 185 262 387 412 424 435
168 239 250 287 388 390 442 610
139 142 144 313 389 478 483 499
163 207 280 328 389 448 508 607
15 203 301 320 389 500 531 602
121 147 233 275 390 455 460 485
55 112 218 270 390 566 606 660
40 177 303 314 391 515 575 669
66 99 157 280 391 398 620 626
4 169 196 230 392 430 432 503
53 171 173 242 392 396 407 617
54 172 284 298 392 473 477 488
27 91 204 282 393 431 450 551
56 217 327 335 394 489 553 573
57 58 286 323 394 619 638 659
60 144 264 287 395 434 557 604
61 149 294 301 395 397 485 486
62 243 291 328 395 427 433 457
9 81 259 288 396 479 599 656
190 222 235 289 396 526 560 570
19 28 268 328 397 426 481 494
65 76 277 313 398 543 646 670
68 195 307 314 398 503 615 657
63 204 273 279 399 405 474 500
50 91 100 309 399 413 427 546
8 10 205 314 399 406 588 636
97 130 136 154 399 429 435 525
53 62 300 324 400 540 607 660
19 333 334 335 400 441 443 571
6 35 49 221 401 416 549 662
37 70 167 271 401 405 407 608
81 186 218 261 402 404 583 614
71 102 151 187 402 529 537 550
67 86 154 322 403 419 510 554
72 188 270 299 403 560 596 635
155 305 323 324 403 420 445 491
146 241 290 324 403 457 623 637
132 155 236 278 404 437 487 657
20 29 300 320 404 481 551 667
6 229 315 331 405 442 470 544
4 10 35 319 406 629 658 662
28 100 132 195 407 501 530 531
26 174 232 334 407 511 632 653
36 195 234 243 408 490 521 645
104 125 139 218 408 418 482 502
27 250 303 306 409 511 567 596
94 183 191 289 410 519 578 579
33 75 212 302 411 421 526 588
2 41 57 77 411 621 622 665
73 153 179 221 412 496 498 545
70 180 247 263 412 471 601 645
42 56 228 264 412 541 604 648
5 98 162 237 413 631 651 662
49 60 99 248 413 414 472 521
111 182 249 311 414 518 528 585
212 250 253 259 415 447 548 589
190 242 251 278 415 577 579 584
22 36 221 268 416 422 513 524
81 88 169 273 417 514 516 572
87 112 170 309 417 448 453 557
53 90 154 172 417 476 487 582
30 84 210 325 418 419 465 649
18 83 209 326 419 506 517 602
44 58 294 302 420 541 625 655
29 37 197 267 422 465 546 572
38 180 268 312 422 451 612 634
19 31 83 193 423 479 556 667
21 51 201 282 423 607 642 670
15 87 169 295 424 478 538 669
11 17 163 171 424 507 603 661
22 63 187 335 425 471 492 493
26 144 189 300 426 577 626 635
65 106 203 297 427 502 514 568
23 59 113 185 428 524 622 642
32 109 129 187 428 537 616 649
135 266 317 331 429 447 611 619
120 127 137 303 430 456 571 585
13 21 41 100 431 512 618 661
45 59 205 291 431 451 541 569
6 32 197 333 432 471 590 633
142 180 207 310 433 506 508 598
156 283 296 329 433 488 579 619
110 194 263 321 434 503 509 537
186 198 202 236 435 531 547 572
28 52 188 202 436 511 540 605
55 189 216 260 436 449 472 498
3 101 211 311 437 439 647 662
38 54 150 212 438 444 562 658
78 231 326 332 438 446 517 650
19 33 40 199 439 497 512 533
61 103 235 323 439 630 654 660
43 57 104 138 440 444 541 644
244 288 294 335 441 457 475 507
80 208 254 330 442 514 601 666
154 167 176 194 442 522 580 605
16 174 184 293 443 602 619 639
20 306 317 333 443 445 511 565
108 246 281 325 444 537 581 663
103 140 182 302 446 482 515 624
52 254 305 315 447 476 555 567
83 177 220 265 448 513 623 653
72 97 271 277 449 450 458 487
31 48 63 95 450 465 549 561
10 71 257 315 450 589 591 656
79 149 296 319 451 535 610 668
78 117 173 284 452 454 631 639
85 111 155 308 453 528 580 588
158 182 252 253 454 489 594 595
60 81 278 322 454 543 660 664
119 122 227 272 455 550 563 634
64 121 143 157 456 458 500 604
125 133 135 201 457 469 594 665
144 192 244 272 458 459 489 508
191 243 251 274 459 527 587 610
97 115 127 274 460 473 565 629
111 258 272 330 460 589 608 620
29 94 234 325 461 628 634 664
94 128 291 293 462 463 611 627
8 65 129 331 462 510 522 656
93 133 180 203 463 573 618 620
96 134 296 326 463 527 654 663
89 128 161 214 464 469 574 616
126 242 279 298 464 564 584 615
127 167 183 292 464 528 633 639
22 137 310 315 466 544 556 598
24 134 176 240 466 469 560 624
54 82 203 241 467 517 540 603
125 128 273 281 467 468 522 648
129 138 157 244 467 475 499 552
133 166 186 292 468 493 643 652
3 215 286 306 470 547 571 621
61 84 116 271 472 523 556 563
62 139 179 216 472 531 532 573
68 143 236 326 473 478 568 664
16 39 98 332 473 512 558 668
64 90 197 276 474 538 598 600
138 228 278 292 474 477 482 627
252 257 291 307 475 599 601 670
124 153 214 253 477 550 586 666
211 247 281 316 477 553 587 591
72 103 195 321 478 529 577 580
80 90 129 162 480 543 574 591
167 219 265 288 480 494 509 611
117 168 206 257 480 583 593 671
85 105 205 300 482 530 533 536
64 84 252 321 483 492 516 608
82 87 160 213 484 533 574 635
145 256 285 304 485 518 595 621
39 146 279 334 485 487 575 611
96 150 184 318 486 519 553 625
17 43 148 209 486 602 640 641
71 157 269 303 489 514 552 596
164 183 199 322 491 616 617 650
212 285 311 323 491 518 638 668
62 165 185 197 493 534 613 618
105 158 161 163 495 499 502 617
32 33 227 288 497 569 578 649
34 41 47 214 497 640 642 652
56 140 226 322 499 612 659 663
27 99 101 151 501 529 545 606
107 145 176 327 502 589 592 630
66 85 254 313 503 510 594 669
146 196 223 308 504 569 580 630
55 77 169 176 505 534 567 646
1 171 200 308 505 509 533 546
56 116 282 295 506 622 626 671
120 150 226 289 507 535 570 647
68 75 161 239 510 579 646 651
12 92 95 96 519 520 628 671
11 61 114 188 520 534 571 637
14 115 148 160 520 651 666 667
71 161 279 309 522 542 543 609
12 37 53 145 523 614 658 661
117 132 146 258 523 525 599 643
24 70 218 255 524 539 577 595
191 283 318 332 526 527 576 625
46 105 139 156 532 603 644 657
8 104 280 312 536 554 634 636
75 107 225 319 536 570 593 597
63 89 114 168 538 539 629 633
69 135 213 233 539 569 632 666
165 175 215 316 544 565 592 652
57 231 256 270 548 632 647 659
123 152 199 327 550 576 603 638
1 26 280 297 551 566 645 669
112 158 234 273 554 604 614 620
9 15 94 302 558 561 636 657
17 222 266 318 558 562 592 625
18 173 219 222 558 605 612 631
2 64 96 109 559 561 563 648
0 93 113 240 561 586 606 642
156 164 225 294 562 607 627 632
158 177 179 225 566 612 626 643
46 86 145 213 566 588 637 640
91 95 126 245 581 628 629 670
7 80 210 215 583 633 640 656
217 240 249 256 585 586 647 655
30 165 174 200 590 605 665 667
159 206 238 298 600 651 652 663
42 156 193 238 613 641 664 665
