107 302 320 396 397 528 643
9 10 324 339 377 430 484
67 136 293 453 454 506 614
17 208 300 336 348 451 472
238 239 335 336 341 407 578
106 201 322 336 361 396 618
96 104 106 336 346 353 440
29 35 53 337 483 536 604
6 31 33 337 345 390 611
8 17 323 337 353 377 659
36 37 254 337 366 410 544
168 271 306 338 504 542 623
3 169 312 338 349 460 554
115 122 187 338 383 430 453
170 272 280 338 376 444 570
25 290 325 339 352 362 516
6 207 219 339 342 451 460
54 107 275 339 346 366 443
83 285 322 340 419 576 618
159 205 280 340 356 500 591
89 143 237 340 341 402 585
57 318 323 340 394 478 622
64 207 326 341 608 643 655
153 304 308 341 380 381 506
220 234 237 342 361 406 415
113 221 238 342 353 413 528
77 153 222 342 389 457 590
42 56 86 343 465 551 600
77 84 101 343 365 373 571
26 28 102 343 346 536 667
87 103 140 343 360 410 648
16 89 96 344 654 659 660
24 90 94 344 369 513 560
25 32 91 344 345 435 527
26 92 97 344 391 428 485
9 31 148 345 357 484 621
9 34 54 345 439 482 635
105 108 139 346 347 423 541
11 181 185 347 375 384 474
174 206 314 347 350 542 609
143 172 177 347 421 444 479
1 30 211 348 368 430 536
15 255 270 348 379 389 634
16 258 316 348 349 352 624
165 193 248 349 358 506 513
60 175 259 349 459 595 661
22 23 333 350 383 385 532
44 279 307 350 376 466 614
2 240 251 350 416 417 545
5 45 309 351 381 460 466
74 109 229 351 387 446 583
24 213 273 351 352 414 502
71 180 315 351 464 470 625
26 248 326 352 457 524 660
8 99 104 353 372 439 572
121 199 326 354 425 535 562
35 89 200 354 371 393 639
147 148 335 354 357 575 618
18 308 324 354 471 478 599
151 174 259 355 585 586 598
37 209 333 355 397 451 631
87 194 279 355 356 494 584
251 281 298 355 416 448 623
40 210 301 356 374 578 668
55 234 329 356 498 537 571
91 145 292 357 402 461 499
31 56 214 357 394 407 438
131 270 316 358 473 579 603
97 163 213 358 405 408 437
164 222 290 358 359 566 643
190 214 225 359 401 407 413
246 303 318 359 361 380 461
157 244 291 359 512 549 610
14 301 315 360 490 528 553
119 146 205 360 361 363 515
130 198 329 360 521 650 668
189 190 224 362 413 434 514
76 97 246 362 389 440 475
70 138 291 362 388 470 540
116 132 143 363 550 628 657
117 144 203 363 375 417 424
118 145 204 363 366 448 600
25 162 230 364 635 651 667
147 189 231 364 420 525 575
76 83 232 364 365 444 562
68 70 201 364 382 463 507
15 66 82 365 388 601 604
78 85 163 365 541 573 623
206 233 276 366 531 565 663
43 210 219 367 488 658 671
51 194 220 367 427 436 581
15 159 221 367 370 610 659
53 55 222 367 391 394 535
73 170 176 368 462 475 527
41 74 212 368 369 554 641
13 75 213 368 520 553 632
5 93 214 369 590 611 638
71 95 215 369 558 580 662
76 99 223 370 435 559 572
34 77 224 370 390 428 564
78 216 225 370 417 486 551
33 90 102 371 438 441 563
8 35 91 371 372 484 622
1 36 92 371 482 570 601
33 98 113 372 390 434 443
36 99 100 372 499 500 607
14 93 235 373 443 449 656
40 191 236 373 376 423 544
173 178 239 373 421 463 642
37 173 313 374 569 609 661
38 179 269 374 414 447 603
39 75 277 374 375 387 467
203 289 297 375 395 617 623
32 226 234 376 390 412 440
7 81 256 377 641 647 652
10 88 241 377 386 472 643
49 249 321 378 411 487 624
50 243 294 378 454 542 612
51 137 155 378 379 476 539
19 52 186 378 533 556 557
43 167 195 379 431 554 664
53 114 327 379 524 525 621
137 161 255 380 403 548 579
61 132 319 380 468 595 617
0 123 310 381 383 459 516
154 274 297 381 408 512 613
67 69 217 382 588 614 666
69 71 302 382 383 418 470
44 72 184 382 429 431 527
12 18 265 384 466 469 526
13 282 284 384 416 497 570
14 141 332 384 399 400 578
20 49 196 385 422 469 501
4 124 334 385 388 460 497
23 125 183 385 429 464 487
186 212 240 386 401 477 502
30 160 195 386 387 450 579
169 187 242 386 529 594 606
72 73 287 387 461 516 558
154 178 244 388 414 504 590
61 78 193 389 455 491 556
257 270 272 391 546 587 597
193 211 282 391 471 473 502
56 210 305 392 537 575 642
29 101 194 392 481 569 650
7 102 159 392 393 439 633
41 55 103 392 449 465 570
188 200 285 393 419 420 647
1 285 323 393 567 621 659
58 244 254 394 552 589 634
134 289 304 395 550 665 666
45 116 277 395 431 488 495
123 181 288 395 398 464 585
28 48 217 396 442 450 584
108 161 184 396 627 651 657
158 187 204 397 533 591 652
182 206 310 397 429 596 612
112 149 265 398 494 518 640
216 284 287 398 448 500 530
42 141 325 398 425 428 671
107 172 253 399 445 592 609
47 242 252 399 467 501 545
113 199 330 399 420 571 572
34 103 215 400 438 493 500
92 146 150 400 402 498 640
130 142 249 400 458 581 603
79 90 144 401 402 583 613
215 264 283 401 411 515 652
111 167 321 403 446 447 540
155 243 266 403 458 459 565
114 186 267 403 430 513 514
65 72 221 404 470 566 622
195 223 236 404 509 546 607
105 224 229 404 405 441 517
225 247 277 404 538 616 642
19 309 325 405 523 599 655
138 158 315 405 426 580 610
79 245 305 406 504 514 641
292 311 328 406 407 475 503
129 150 197 406 411 521 586
176 192 281 408 461 502 661
269 271 328 408 510 587 642
39 253 334 409 492 530 631
46 154 242 409 452 520 645
47 291 332 409 411 528 669
48 82 330 409 576 607 650
250 259 280 410 415 606 628
255 281 284 410 615 629 630
121 305 317 412 456 483 525
188 223 311 412 413 559 647
83 129 218 412 489 582 628
177 192 274 414 475 513 596
40 183 266 415 490 627 631
123 249 279 415 522 523 662
118 252 273 416 425 495 552
168 253 283 417 549 565 594
5 241 319 418 478 645 670
74 164 289 418 534 538 561
24 64 171 418 421 556 667
188 226 327 419 434 546 562
7 121 148 419 483 484 600
18 190 262 420 557 638 669
174 179 304 421 522 605 657
50 166 197 422 510 540 542
51 65 198 422 423 604 625
52 127 164 422 486 573 574
110 202 247 423 446 504 506
39 156 331 424 442 544 646
11 260 299 424 531 648 656
109 117 278 424 495 530 649
120 172 258 425 517 597 598
136 140 320 426 457 505 548
50 119 209 426 427 565 593
111 182 198 426 543 626 627
49 151 201 427 582 644 654
52 298 303 427 448 486 665
138 140 142 428 454 625 634
2 185 290 429 592 632 669
12 179 229 431 553 560 624
22 156 237 432 459 577 636
20 79 134 432 452 557 561
4 128 292 432 433 519 611
23 150 217 432 644 662 663
120 178 228 433 456 560 564
70 100 218 433 435 558 664
27 66 151 433 481 639 640
98 189 317 434 435 508 525
191 245 286 436 564 589 653
139 149 328 436 485 531 551
110 197 313 436 549 605 626
66 96 176 437 463 485 622
94 211 232 437 524 568 597
32 101 212 437 438 509 653
10 105 216 439 533 592 619
94 146 199 440 449 479 526
104 226 227 441 496 562 572
54 98 228 441 499 508 635
46 64 134 442 468 550 574
47 128 162 442 443 582 602
57 261 311 444 537 638 639
28 209 232 445 480 481 608
106 272 276 445 496 498 547
108 261 266 445 585 637 668
63 258 312 446 473 606 655
112 125 184 447 474 516 644
80 116 166 447 561 593 664
84 95 130 449 489 490 584
27 100 233 450 499 503 515
29 80 296 450 451 543 641
132 152 306 452 586 591 665
59 133 202 452 455 624 668
135 136 283 453 539 540 616
137 256 307 453 477 478 546
111 260 263 454 518 637 649
60 139 308 455 476 596 660
62 86 293 455 584 648 652
118 208 271 456 547 593 630
42 88 247 456 457 554 619
67 294 301 458 505 555 605
19 133 263 458 468 469 541
168 175 295 462 491 589 612
169 173 218 462 488 509 598
68 95 122 462 464 568 614
4 175 300 463 473 532 670
43 57 268 465 466 604 628
3 58 299 465 587 620 670
46 63 278 467 468 497 649
48 135 250 467 548 581 664
16 21 331 469 601 620 667
185 202 267 471 517 613 627
122 293 332 471 505 594 662
81 228 299 472 493 503 583
88 235 317 472 508 509 535
68 87 182 474 480 555 661
62 180 183 474 511 580 581
0 191 318 476 527 590 636
110 156 319 476 589 649 666
245 314 321 477 510 517 549
22 243 296 477 532 588 612
144 248 252 479 616 620 632
114 141 145 479 482 575 629
86 158 230 480 493 541 633
84 231 320 480 535 576 578
30 163 298 481 533 534 630
115 142 233 482 539 587 588
41 231 324 483 567 568 671
21 274 275 485 552 563 599
157 171 204 486 609 617 633
124 250 269 487 488 520 634
125 166 220 487 507 510 566
38 82 295 489 512 543 544
73 85 131 489 519 534 651
133 239 288 490 550 551 654
251 297 316 491 522 630 632
157 203 312 491 492 538 591
11 309 313 492 494 553 596
117 207 314 492 577 592 593
62 268 286 493 494 595 650
119 135 180 495 507 539 625
17 149 236 496 569 601 619
238 260 307 496 505 577 638
126 127 131 497 521 573 602
126 246 282 498 519 615 669
21 152 264 501 557 633 640
58 59 129 501 537 595 603
27 200 257 503 526 536 647
167 181 303 507 538 629 657
162 208 327 508 579 608 618
45 59 333 511 522 529 658
60 109 196 511 620 626 646
61 273 334 511 512 615 655
120 147 264 514 526 582 600
155 265 287 515 523 629 646
38 196 276 518 521 552 631
80 227 331 518 583 607 608
63 127 192 519 520 556 626
112 268 294 523 543 586 648
177 227 257 524 531 559 560
124 152 302 529 574 610 644
20 219 310 529 532 566 599
2 126 160 530 545 602 663
75 165 306 534 605 606 613
13 241 262 545 567 574 656
3 275 335 547 611 660 671
115 254 322 547 548 621 636
69 205 295 555 558 617 636
44 296 329 555 653 658 663
170 256 330 559 567 594 653
65 81 288 561 580 619 639
128 165 171 563 573 598 666
93 230 267 563 564 568 637
6 235 286 569 571 635 670
85 161 262 576 602 637 665
153 240 278 577 615 616 645
0 160 263 588 645 646 651
12 261 300 597 654 656 658
