3 4 5 6 460 611 670
7 8 9 10 377 439 484
11 12 13 14 384 553 656
1 15 16 17 348 601 659
18 19 20 21 469 557 599
4 20 22 23 385 432 532
16 24 25 26 344 352 667
27 28 29 30 450 481 536
31 32 33 34 345 390 438
8 33 35 36 337 371 372
6 17 29 37 337 451 569
37 38 39 40 374 544 631
3 41 42 43 465 554 671
12 43 44 45 431 466 658
39 46 47 48 409 442 467
49 50 51 52 378 422 427
15 43 51 53 367 379 604
6 9 25 54 339 345 635
55 56 57 58 394 465 537
59 60 61 62 455 511 595
19 61 63 64 468 556 655
35 57 65 66 604 622 639
44 67 68 69 382 555 614
69 70 71 72 382 470 558
30 73 74 75 368 387 534
5 24 71 74 351 369 418
15 76 77 78 365 370 389
74 79 80 81 561 583 641
82 83 84 85 365 489 576
28 84 86 87 343 480 584
10 17 81 88 377 472 619
89 90 91 92 344 371 402
41 93 94 95 369 449 568
32 94 96 97 344 437 440
91 98 99 100 372 435 499
56 101 102 103 343 392 438
54 102 104 105 346 439 441
28 106 107 108 346 396 445
63 109 110 111 446 626 649
38 80 111 112 447 518 543
14 47 107 113 399 443 528
1 9 114 115 430 482 621
116 117 118 119 363 495 593
42 118 120 121 425 456 600
23 71 122 123 383 464 662
23 49 124 125 385 487 644
85 126 127 128 519 573 602
13 46 124 127 497 520 574
38 129 130 131 489 521 603
46 132 133 134 452 468 550
115 135 136 137 453 539 548
50 111 136 138 426 454 540
78 86 133 139 455 541 551
26 42 77 140 343 428 457
8 99 104 113 353 372 572
34 92 141 142 400 428 482
143 144 145 146 363 402 479
56 145 147 148 357 575 600
21 66 92 149 485 601 640
112 150 151 152 586 640 644
0 5 153 154 381 590 645
0 60 155 156 459 476 646
152 157 158 159 591 610 633
131 160 161 162 579 602 651
131 163 164 165 358 534 573
70 135 166 167 507 540 664
20 65 164 166 422 561 566
122 168 169 170 338 462 594
171 172 173 174 421 598 609
68 173 175 176 462 463 661
24 177 178 179 414 421 560
4 66 70 178 388 433 463
68 125 180 181 464 474 507
182 183 184 185 429 474 627
10 30 186 187 386 430 533
116 167 179 184 431 447 657
113 188 189 190 413 420 434
25 70 76 189 362 364 435
51 110 139 191 423 436 476
24 186 192 193 502 513 556
48 62 130 194 581 584 650
48 80 100 195 450 607 664
127 196 197 198 422 521 626
18 147 199 200 354 420 526
83 147 162 201 364 582 618
40 108 198 202 423 627 668
132 203 204 205 363 591 617
37 107 204 206 366 397 609
80 207 208 209 451 593 608
55 159 194 210 356 367 392
176 211 212 213 368 437 502
90 212 214 215 369 401 438
34 99 159 216 370 439 500
128 134 156 217 432 442 666
1 13 41 170 368 567 570
120 128 151 218 433 582 598
219 220 221 222 342 367 566
221 223 224 225 370 404 413
76 104 199 226 440 562 572
33 98 224 226 390 434 441
90 227 228 229 441 560 583
68 230 231 232 364 480 568
66 101 163 232 365 437 481
36 54 145 233 366 482 499
6 77 113 234 342 390 571
101 173 235 236 373 509 569
153 207 237 238 341 342 577
17 104 106 238 336 353 496
14 40 84 239 373 490 578
160 240 241 242 386 545 645
50 168 206 243 542 565 612
110 168 244 245 504 549 589
62 81 158 215 493 580 652
106 146 234 246 361 440 498
136 153 247 248 457 506 616
3 16 60 248 349 620 660
183 220 249 250 415 487 581
2 13 251 252 416 545 632
2 117 216 253 417 530 592
140 250 254 255 410 548 634
188 223 256 257 546 559 647
26 53 211 257 391 524 536
165 169 258 259 349 598 606
45 124 169 219 460 488 529
12 16 49 133 469 624 654
65 71 138 180 470 580 625
93 260 261 262 637 638 656
85 108 230 263 541 637 651
52 134 152 262 557 574 665
27 146 264 265 515 526 640
47 49 129 264 411 501 582
111 161 266 267 403 627 637
123 237 259 266 415 459 585
129 132 259 268 586 595 628
52 78 127 171 486 556 573
58 142 269 270 587 603 634
3 115 271 272 338 547 587
67 142 243 263 454 458 588
38 244 273 274 414 512 552
77 93 178 191 373 564 590
118 254 275 276 366 547 552
135 252 277 278 467 495 616
21 58 196 252 501 552 620
40 234 279 280 356 376 415
240 273 281 282 416 502 615
144 225 240 283 401 417 616
36 103 280 284 410 500 570
7 188 200 285 393 419 647
1 35 102 200 371 393 536
34 228 230 286 493 564 635
100 205 215 287 500 515 558
116 134 288 289 395 550 561
89 151 261 288 585 639 654
190 246 290 291 359 362 669
73 192 246 292 461 475 519
140 260 293 294 454 505 648
182 294 295 296 543 555 612
163 271 281 297 408 623 630
61 157 295 297 491 512 617
151 194 209 298 355 427 481
235 241 299 300 472 656 670
130 133 266 301 458 490 668
64 164 241 302 418 574 643
65 105 236 247 404 423 619
19 105 158 163 405 533 541
132 161 303 304 380 657 665
51 135 142 180 539 581 625
178 247 271 305 456 504 642
11 139 177 206 347 531 596
211 258 270 300 348 473 597
2 23 44 206 350 429 663
85 289 298 306 534 623 665
226 236 272 307 376 496 546
172 232 261 272 444 445 597
181 203 277 289 375 395 538
274 308 309 310 381 596 599
72 125 290 310 429 516 566
32 44 170 191 376 527 653
76 170 177 311 444 475 559
74 167 247 312 446 538 554
15 124 138 244 388 610 634
173 210 269 277 374 488 642
157 253 313 314 492 549 609
221 291 302 315 470 528 610
95 183 288 315 464 490 580
75 179 301 313 374 553 605
193 202 293 308 455 471 506
175 193 312 316 349 473 491
53 121 231 317 483 525 535
83 121 188 226 412 419 562
129 234 305 311 406 412 537
33 93 128 275 443 563 611
0 25 73 184 516 527 651
137 308 318 319 380 476 478
158 182 209 320 397 426 480
88 208 228 317 456 472 508
46 263 278 319 468 645 649
119 155 233 283 515 539 565
197 283 291 321 411 540 549
55 92 272 282 391 498 570
7 29 41 305 392 483 641
64 143 239 304 341 421 550
174 197 294 306 542 586 605
118 251 284 298 416 448 630
78 168 203 251 417 491 623
37 87 259 281 355 410 661
11 39 117 203 375 424 492
213 248 290 316 352 358 632
10 107 207 290 339 592 643
48 161 320 322 396 548 576
141 172 199 252 399 425 479
241 256 323 324 377 478 567
122 211 267 324 430 471 568
72 195 229 277 387 404 431
79 150 237 292 402 406 432
27 100 228 292 433 499 503
149 194 286 313 436 494 569
73 95 218 295 462 489 558
12 94 120 257 526 560 597
258 273 325 326 352 425 655
119 140 198 315 360 426 625
119 201 220 303 361 427 507
97 138 224 325 362 405 428
98 189 317 327 434 508 525
32 218 223 317 412 435 509
197 220 245 328 406 436 510
55 84 199 235 449 535 571
101 286 329 330 571 650 653
99 223 227 330 559 572 607
88 169 195 212 386 509 554
69 171 289 319 418 617 666
148 285 322 327 419 618 621
231 262 285 330 420 567 576
109 144 299 331 424 583 620
14 103 130 146 360 400 449
28 64 162 331 442 608 667
54 98 162 235 443 508 635
87 205 301 329 356 360 555
205 237 318 322 340 361 636
57 83 143 280 340 444 628
18 185 282 332 384 471 669
219 296 300 333 451 532 658
4 63 131 282 473 497 519
67 122 136 307 453 505 614
97 176 274 328 408 475 485
90 165 267 274 513 563 613
190 214 238 311 407 413 638
50 166 271 314 510 542 593
61 153 246 255 380 389 615
20 59 152 242 452 501 529
59 179 249 316 522 603 624
141 181 265 284 384 398 629
126 278 284 334 497 530 615
149 227 260 276 496 518 531
26 96 139 275 346 485 660
19 155 249 294 378 458 523
160 217 233 296 450 588 663
212 245 256 296 477 641 653
137 195 270 327 379 546 579
45 123 297 304 381 395 522
156 191 254 295 544 589 636
141 210 231 335 575 578 671
59 210 261 329 537 658 668
58 175 286 319 589 595 670
27 81 200 311 503 639 647
86 103 268 299 465 493 648
238 301 320 332 505 528 578
67 110 165 304 506 605 666
7 86 204 264 600 633 652
202 229 258 321 446 517 624
137 186 243 321 378 403 477
105 172 185 314 347 517 592
22 240 307 314 350 477 577
39 109 160 287 387 530 646
72 91 176 318 461 527 622
8 96 221 323 353 622 659
117 156 260 278 424 577 649
125 166 269 321 447 487 510
2 47 126 262 545 602 669
187 302 310 333 383 397 529
174 251 279 333 350 355 522
112 123 287 325 398 516 523
5 18 57 307 466 478 638
233 257 299 328 503 531 587
265 268 279 309 466 494 523
35 121 148 324 354 483 484
21 102 171 230 563 633 667
11 62 87 112 474 494 648
43 116 218 250 488 628 664
52 204 216 298 448 486 533
213 229 309 315 351 405 553
154 192 213 269 408 414 520
79 186 190 264 401 514 557
187 280 306 312 338 591 606
187 256 283 293 453 594 652
60 182 192 313 596 626 661
95 217 279 293 584 614 662
145 281 287 303 448 461 629
42 149 216 288 398 551 619
36 82 236 331 544 601 607
219 275 324 325 339 599 671
242 253 330 332 399 409 594
96 201 239 300 336 463 654
56 225 239 328 407 551 642
157 164 225 303 359 486 538
94 114 177 248 479 513 524
108 143 174 181 347 585 657
0 22 69 115 383 588 636
214 222 244 318 359 394 590
183 196 333 334 385 511 631
207 309 312 334 460 492 655
114 147 189 305 514 525 575
30 208 255 316 348 579 630
209 253 266 276 445 565 631
75 144 185 297 375 613 632
82 154 291 334 388 409 512
114 155 167 255 379 403 629
227 232 326 327 524 562 608
31 214 292 335 357 407 611
22 175 243 310 459 532 612
106 208 322 335 336 547 618
79 154 202 306 452 504 613
89 308 326 335 341 354 660
9 31 91 148 345 357 484
31 53 254 323 337 394 621
45 109 180 273 351 495 511
97 193 222 270 358 389 391
88 222 320 326 457 535 643
120 224 245 267 514 517 564
150 215 249 332 400 411 662
126 150 276 329 498 521 663
29 82 198 268 543 604 650
63 75 242 250 467 520 606
184 201 217 302 382 396 644
196 263 265 331 469 518 646
89 159 285 323 340 393 659
