1 2 353 402 406
3 6 371 449 452
7 10 336 396 506
5 8 336 490 492
6 9 336 643 658
11 20 337 580 581
12 21 337 414 543
13 22 337 444 588
23 32 338 462 623
24 33 338 601 607
25 34 338 412 500
17 26 339 424 467
18 27 339 419 514
19 28 339 484 544
20 29 340 393 586
21 30 340 425 521
22 31 340 431 641
35 60 341 502 522
36 61 341 428 518
37 62 341 476 646
38 63 342 441 624
39 64 342 523 595
40 65 342 528 539
41 66 343 498 561
42 67 343 568 634
43 68 343 458 586
69 73 344 483 552
70 95 344 454 464
42 71 344 578 597
72 96 345 381 653
73 97 345 451 568
74 98 345 377 571
75 99 346 549 666
76 100 346 355 470
77 101 346 512 635
0 78 347 363 386
53 79 347 526 593
54 80 347 461 667
55 81 348 470 481
56 82 348 596 630
35 57 348 465 540
58 83 349 473 585
59 84 349 368 656
33 85 349 433 624
60 86 350 444 611
61 87 350 397 573
62 88 350 495 511
63 89 351 436 535
64 90 351 544 617
65 91 351 401 496
66 92 352 446 546
67 93 352 372 541
68 94 352 484 570
102 160 353 599 609
103 161 353 497 615
51 162 354 505 574
72 104 354 549 552
45 105 354 436 567
106 150 355 507 622
107 163 355 411 669
108 164 356 484 637
109 165 356 445 475
79 166 356 560 583
110 167 357 532 644
111 168 357 640 646
112 169 357 448 584
113 170 358 487 612
49 114 358 389 466
115 171 358 476 653
31 172 359 576 649
0 116 359 493 499
117 173 359 417 620
118 125 360 397 665
119 174 360 368 491
120 175 360 394 642
121 153 361 604 648
122 176 361 373 505
123 177 361 591 658
178 187 362 428 431
150 188 362 374 382
179 189 362 447 471
180 229 363 494 555
16 181 363 517 527
118 182 364 518 558
119 183 364 435 670
120 165 364 383 644
184 230 365 539 647
185 231 365 501 630
147 186 365 473 482
187 232 366 573 649
43 188 366 581 597
189 233 366 505 631
139 190 367 540 599
175 226 367 387 415
191 234 367 578 588
192 235 368 519 551
57 193 369 423 474
10 47 369 439 466
194 236 369 419 603
124 195 370 580 665
196 237 370 398 555
157 197 370 639 668
4 198 371 534 635
2 199 371 380 471
144 200 372 648 649
145 196 372 532 652
146 201 373 464 617
147 202 373 457 657
148 203 374 476 662
71 149 374 485 509
151 204 375 553 559
152 205 375 605 667
153 206 375 388 489
1 154 376 577 638
14 102 376 438 500
103 155 376 461 665
156 207 377 536 582
12 132 377 516 660
157 183 378 445 663
158 208 378 411 460
159 209 378 425 442
96 210 379 547 633
97 140 379 390 541
98 211 379 543 564
160 212 380 437 441
135 161 380 403 501
162 213 381 613 650
45 214 381 450 531
163 215 382 448 508
11 100 382 516 569
15 164 383 488 517
166 216 383 481 563
167 217 384 394 555
168 218 384 495 667
169 219 384 551 577
170 220 385 422 636
49 221 385 460 550
171 222 385 511 633
18 172 386 585 589
173 223 386 434 533
125 224 387 421 497
174 225 387 510 627
176 227 388 504 613
177 228 388 483 529
214 296 389 547 571
158 238 389 553 668
54 239 390 499 640
155 240 390 432 558
140 242 391 461 655
23 141 391 477 590
93 297 391 398 405
184 241 392 557 562
185 242 392 462 615
186 243 392 404 579
126 244 393 538 619
124 127 393 497 663
245 287 394 621 623
70 246 395 437 485
230 298 395 457 496
146 247 395 482 523
248 295 396 481 533
44 114 396 450 587
249 276 397 478 654
17 200 398 489 589
250 299 399 578 592
251 300 399 407 559
50 301 399 574 651
218 293 400 442 628
80 302 400 583 615
142 205 400 542 619
76 252 401 520 661
55 128 401 474 560
179 253 402 622 626
254 284 402 530 565
127 136 403 435 463
137 224 403 410 486
255 303 404 416 478
30 58 404 576 601
92 128 405 526 528
94 193 405 488 506
3 219 406 566 628
4 256 406 592 600
109 257 407 593 639
258 260 407 420 531
37 236 408 465 664
115 259 408 549 587
27 148 408 507 575
260 304 409 475 571
261 285 409 417 424
141 262 409 541 556
46 263 410 534 567
264 305 410 544 620
112 204 411 542 594
255 265 412 508 521
249 266 412 518 632
237 306 413 467 663
217 292 413 415 628
229 278 413 545 607
159 307 414 495 668
308 313 414 422 556
287 289 415 579 626
215 282 416 551 581
309 314 416 546 611
129 248 417 560 602
50 231 418 457 610
51 130 418 447 608
52 82 418 430 522
83 259 419 625 657
261 310 420 489 548
95 262 420 537 568
263 276 421 600 645
87 264 421 595 606
180 311 422 493 532
312 329 423 582 662
15 190 423 438 642
143 206 424 515 542
24 313 425 494 590
121 226 426 459 486
122 289 426 447 482
123 292 426 452 479
282 291 427 566 586
129 314 427 526 548
303 327 427 473 645
221 274 428 572 614
46 238 429 450 456
137 151 429 472 604
305 328 429 434 524
254 315 430 638 662
267 270 430 491 591
144 234 431 459 634
143 154 432 443 584
14 316 432 517 636
32 130 433 626 630
34 131 433 478 609
252 317 434 528 656
267 306 435 479 596
212 258 436 454 659
139 294 437 459 502
16 318 438 545 562
8 319 439 536 605
9 286 439 529 639
116 283 440 641 650
284 320 440 471 498
239 280 440 451 616
105 131 441 608 645
88 288 442 561 606
285 321 443 477 533
26 315 443 575 596
52 283 444 565 574
182 286 445 512 671
288 317 446 620 629
40 275 446 453 557
192 208 448 572 670
5 290 449 617 666
7 291 449 570 602
228 240 451 512 515
293 322 452 469 629
38 273 453 607 609
39 274 453 519 573
294 310 454 611 648
191 216 455 509 642
13 81 455 516 522
48 295 455 466 618
197 198 456 643 652
133 307 456 646 660
19 232 458 589 595
108 233 458 593 613
296 323 460 527 564
56 297 462 467 474
126 272 463 557 632
29 324 463 570 576
134 298 464 598 651
36 47 465 550 671
145 299 468 634 635
110 300 468 475 594
301 311 468 487 650
302 325 469 501 563
142 326 469 584 632
91 132 470 513 598
135 251 472 610 659
136 269 472 480 491
245 304 477 564 644
278 281 479 525 624
272 277 480 539 654
194 324 480 506 585
270 280 483 510 565
69 281 485 535 591
225 330 486 616 666
134 308 487 537 660
28 312 488 524 575
152 330 490 604 640
99 268 490 569 653
90 156 492 513 524
201 333 492 504 537
181 213 493 547 637
220 273 494 500 614
277 335 496 600 603
138 309 498 502 508
53 320 499 546 631
322 332 503 656 658
250 325 503 509 610
256 326 503 577 654
113 202 504 587 651
149 271 507 525 563
269 279 510 559 603
41 203 511 530 597
74 89 513 531 552
78 271 514 545 583
106 223 514 520 618
227 316 515 612 637
247 331 519 579 647
107 328 520 553 582
211 243 521 621 655
235 290 523 566 627
246 318 525 599 647
210 241 527 538 655
77 332 529 592 661
138 329 530 540 669
133 335 534 598 664
85 104 535 608 625
333 334 536 556 612
222 275 538 561 614
207 265 543 554 669
86 117 548 606 641
48 178 550 588 622
25 334 554 590 636
266 319 554 619 671
101 195 558 569 652
323 331 562 572 621
44 327 567 602 657
244 268 580 605 633
111 279 594 616 664
59 209 601 629 670
253 321 618 623 638
75 84 625 627 661
199 257 631 643 659
